DL_POLY : Silica glass                                                  
 ENERGY UNITS = electron Volts
         0  0.000000E+00        49
 -1.149669E+04  3.000000E+02 -1.152177E+04  5.596471E+02 -1.208142E+04
  0.000000E+00  0.000000E+00  0.000000E+00  0.000000E+00 -1.149668E+04
  0.000000E+00  4.386372E+01 -1.203695E+04  1.208081E+04  0.000000E+00
  0.000000E+00  0.000000E+00  0.000000E+00  1.014978E+04  0.000000E+00
  0.000000E+00  0.000000E+00  9.000000E+01  9.000000E+01  9.000000E+01
  0.000000E+00  3.279527E-01  0.000000E+00  0.000000E+00  0.000000E+00
 -3.853257E+00  2.593579E+00 -1.509278E+00  2.593579E+00  7.551731E-01
  3.123809E+00 -1.509278E+00  3.123809E+00  4.081942E+00  2.165138E+01
  0.000000E+00  0.000000E+00  0.000000E+00  2.165138E+01  0.000000E+00
  0.000000E+00  0.000000E+00  2.165138E+01  2.105106E+00
       100  1.000000E-01        49
 -1.149678E+04  2.999748E+02 -1.152187E+04  5.585123E+02 -1.208038E+04
  0.000000E+00  0.000000E+00  0.000000E+00  0.000000E+00 -1.149677E+04
  0.000000E+00  5.107816E+01 -1.202892E+04  1.208000E+04  0.000000E+00
  0.000000E+00  0.000000E+00  0.000000E+00  1.016390E+04  0.000000E+00
  0.000000E+00  0.000000E+00  9.000000E+01  9.000000E+01  9.000000E+01
  0.000000E+00 -4.684522E-02  0.000000E+00  3.726726E-02  6.214329E-02
 -6.334330E+00  1.483515E+00 -3.901874E+00  1.483515E+00  2.603692E+00
 -2.584033E-01 -3.901874E+00 -2.584033E-01  3.590103E+00  2.166142E+01
  0.000000E+00  0.000000E+00  0.000000E+00  2.166142E+01  0.000000E+00
  0.000000E+00  0.000000E+00  2.166142E+01 -3.011146E-01
       200  2.000000E-01        49
 -1.149676E+04  3.024656E+02 -1.152206E+04  5.568212E+02 -1.207888E+04
  0.000000E+00  0.000000E+00  0.000000E+00  0.000000E+00 -1.149676E+04
  0.000000E+00  6.716601E+01 -1.201143E+04  1.207859E+04  0.000000E+00
  0.000000E+00  0.000000E+00  0.000000E+00  1.018818E+04  0.000000E+00
  0.000000E+00  0.000000E+00  9.000000E+01  9.000000E+01  9.000000E+01
  0.000000E+00 -8.574688E-01  0.000000E+00  6.789894E-02  1.057599E-01
 -7.714254E+00 -5.020422E-02 -3.420816E+00 -5.020422E-02  4.614687E+00
 -2.392713E+00 -3.420816E+00 -2.392713E+00  5.271607E-01  2.167865E+01
  0.000000E+00  0.000000E+00  0.000000E+00  2.167865E+01  0.000000E+00
  0.000000E+00  0.000000E+00  2.167865E+01 -5.524855E+00
       300  3.000000E-01        49
 -1.149677E+04  3.012906E+02 -1.152197E+04  5.614568E+02 -1.208342E+04
  0.000000E+00  0.000000E+00  0.000000E+00  0.000000E+00 -1.149676E+04
  0.000000E+00  3.350174E+01 -1.204941E+04  1.208292E+04  0.000000E+00
  0.000000E+00  0.000000E+00  0.000000E+00  1.017974E+04  0.000000E+00
  0.000000E+00  0.000000E+00  9.000000E+01  9.000000E+01  9.000000E+01
  0.000000E+00  8.746767E-01  0.000000E+00  7.017746E-02  1.191377E-01
 -1.119281E+01  2.100800E+00 -4.891800E+00  2.100800E+00  5.624186E+00
  1.433421E+00 -4.891800E+00  1.433421E+00  8.192650E+00  2.167266E+01
  0.000000E+00  0.000000E+00  0.000000E+00  2.167266E+01  0.000000E+00
  0.000000E+00  0.000000E+00  2.167266E+01  5.631059E+00
       400  4.000000E-01        49
 -1.149683E+04  2.853316E+02 -1.152070E+04  5.565766E+02 -1.207727E+04
  0.000000E+00  0.000000E+00  0.000000E+00  0.000000E+00 -1.149683E+04
  0.000000E+00  6.717687E+01 -1.200945E+04  1.207662E+04  0.000000E+00
  0.000000E+00  0.000000E+00  0.000000E+00  1.018401E+04  0.000000E+00
  0.000000E+00  0.000000E+00  9.000000E+01  9.000000E+01  9.000000E+01
  0.000000E+00 -1.006706E+00  0.000000E+00  6.698022E-02  1.128729E-01
 -8.885873E+00  3.376079E+00 -6.021851E+00  3.376079E+00  1.820438E+00
  2.912862E+00 -6.021851E+00  2.912862E+00  4.045317E+00  2.167569E+01
  0.000000E+00  0.000000E+00  0.000000E+00  2.167569E+01  0.000000E+00
  0.000000E+00  0.000000E+00  2.167569E+01 -6.483771E+00
       500  5.000000E-01        49
 -1.149689E+04  2.972043E+02 -1.152175E+04  5.583009E+02 -1.208005E+04
  0.000000E+00  0.000000E+00  0.000000E+00  0.000000E+00 -1.149689E+04
  0.000000E+00  5.613238E+01 -1.202351E+04  1.207964E+04  0.000000E+00
  0.000000E+00  0.000000E+00  0.000000E+00  1.017128E+04  0.000000E+00
  0.000000E+00  0.000000E+00  9.000000E+01  9.000000E+01  9.000000E+01
  0.000000E+00 -3.327345E-01  0.000000E+00  6.388173E-02  1.017686E-01
 -4.405687E+00  2.904984E+00 -1.906169E+00  2.904984E+00  3.268975E-01
  4.813499E-01 -1.906169E+00  4.813499E-01  3.080586E+00  2.166666E+01
  0.000000E+00  0.000000E+00  0.000000E+00  2.166666E+01  0.000000E+00
  0.000000E+00  0.000000E+00  2.166666E+01 -2.140325E+00
       600  6.000000E-01        49
 -1.149694E+04  2.886329E+02 -1.152108E+04  5.624105E+02 -1.208349E+04
  0.000000E+00  0.000000E+00  0.000000E+00  0.000000E+00 -1.149694E+04
  0.000000E+00  2.688811E+01 -1.205608E+04  1.208296E+04  0.000000E+00
  0.000000E+00  0.000000E+00  0.000000E+00  1.015688E+04  0.000000E+00
  0.000000E+00  0.000000E+00  9.000000E+01  9.000000E+01  9.000000E+01
  0.000000E+00  1.109981E+00  0.000000E+00  6.548758E-02  1.009001E-01
 -2.661981E+00  1.061090E+00 -4.376776E+00  1.061090E+00  2.693470E+00
  3.067285E+00 -4.376776E+00  3.067285E+00  3.298454E+00  2.165643E+01
  0.000000E+00  0.000000E+00  0.000000E+00  2.165643E+01  0.000000E+00
  0.000000E+00  0.000000E+00  2.165643E+01  7.129877E+00
       700  7.000000E-01        49
 -1.149694E+04  2.943038E+02 -1.152156E+04  5.621418E+02 -1.208370E+04
  0.000000E+00  0.000000E+00  0.000000E+00  0.000000E+00 -1.149694E+04
  0.000000E+00  3.149950E+01 -1.205148E+04  1.208298E+04  0.000000E+00
  0.000000E+00  0.000000E+00  0.000000E+00  1.018309E+04  0.000000E+00
  0.000000E+00  0.000000E+00  9.000000E+01  9.000000E+01  9.000000E+01
  0.000000E+00  9.175357E-01  0.000000E+00  6.509862E-02  1.060722E-01
 -6.436465E+00  5.409987E+00 -4.464195E+00  5.409987E+00  2.594428E+00
  4.173448E+00 -4.464195E+00  4.173448E+00  6.594645E+00  2.167503E+01
  0.000000E+00  0.000000E+00  0.000000E+00  2.167503E+01  0.000000E+00
  0.000000E+00  0.000000E+00  2.167503E+01  5.908924E+00
       800  8.000000E-01        49
 -1.149697E+04  2.979851E+02 -1.152189E+04  5.575744E+02 -1.207947E+04
  0.000000E+00  0.000000E+00  0.000000E+00  0.000000E+00 -1.149696E+04
  0.000000E+00  6.259805E+01 -1.201637E+04  1.207897E+04  0.000000E+00
  0.000000E+00  0.000000E+00  0.000000E+00  1.017726E+04  0.000000E+00
  0.000000E+00  0.000000E+00  9.000000E+01  9.000000E+01  9.000000E+01
  0.000000E+00 -6.606291E-01  0.000000E+00  6.137484E-02  1.050280E-01
 -8.778701E+00  2.431082E+00 -5.216037E-01  2.431082E+00  1.904097E+00
  7.342025E+00 -5.216037E-01  7.342025E+00  4.892716E+00  2.167090E+01
  0.000000E+00  0.000000E+00  0.000000E+00  2.167090E+01  0.000000E+00
  0.000000E+00  0.000000E+00  2.167090E+01 -4.252012E+00
       900  9.000000E-01        49
 -1.149705E+04  3.094976E+02 -1.152293E+04  5.594654E+02 -1.208240E+04
  0.000000E+00  0.000000E+00  0.000000E+00  0.000000E+00 -1.149704E+04
  0.000000E+00  4.870900E+01 -1.203339E+04  1.208210E+04  0.000000E+00
  0.000000E+00  0.000000E+00  0.000000E+00  1.018366E+04  0.000000E+00
  0.000000E+00  0.000000E+00  9.000000E+01  9.000000E+01  9.000000E+01
  0.000000E+00  1.583059E-01  0.000000E+00  5.733753E-02  9.542345E-02
 -1.257645E+01  3.313485E+00 -9.916684E-01  3.313485E+00  4.830538E+00
  3.563308E+00 -9.916684E-01  3.563308E+00  8.220831E+00  2.167544E+01
  0.000000E+00  0.000000E+00  0.000000E+00  2.167544E+01  0.000000E+00
  0.000000E+00  0.000000E+00  2.167544E+01  1.019547E+00
      1000  1.000000E+00        49
 -1.149714E+04  3.001489E+02 -1.152224E+04  5.551752E+02 -1.207742E+04
  0.000000E+00  0.000000E+00  0.000000E+00  0.000000E+00 -1.149713E+04
  0.000000E+00  6.977529E+01 -1.200730E+04  1.207707E+04  0.000000E+00
  0.000000E+00  0.000000E+00  0.000000E+00  1.014666E+04  0.000000E+00
  0.000000E+00  0.000000E+00  9.000000E+01  9.000000E+01  9.000000E+01
  0.000000E+00 -1.016647E+00  0.000000E+00  4.927492E-02  9.232861E-02
 -7.816009E+00  6.322319E-01 -4.090070E-01  6.322319E-01  2.737176E-02
  1.158291E+00 -4.090070E-01  1.158291E+00  4.738695E+00  2.164916E+01
  0.000000E+00  0.000000E+00  0.000000E+00  2.164916E+01  0.000000E+00
  0.000000E+00  0.000000E+00  2.164916E+01 -6.523783E+00
      1100  1.100000E+00        49
 -1.149706E+04  2.965490E+02 -1.152187E+04  5.643741E+02 -1.208624E+04
  0.000000E+00  0.000000E+00  0.000000E+00  0.000000E+00 -1.149706E+04
  0.000000E+00  1.590775E+01 -1.206988E+04  1.208579E+04  0.000000E+00
  0.000000E+00  0.000000E+00  0.000000E+00  1.018806E+04  0.000000E+00
  0.000000E+00  0.000000E+00  9.000000E+01  9.000000E+01  9.000000E+01
  0.000000E+00  1.743150E+00  0.000000E+00  5.489935E-02  9.121223E-02
 -4.072189E+00  4.512250E+00 -4.927928E+00  4.512250E+00  3.977899E+00
  4.633213E+00 -4.927928E+00  4.633213E+00  5.323740E+00  2.167856E+01
  0.000000E+00  0.000000E+00  0.000000E+00  2.167856E+01  0.000000E+00
  0.000000E+00  0.000000E+00  2.167856E+01  1.123135E+01
      1200  1.200000E+00        49
 -1.149716E+04  2.976372E+02 -1.152206E+04  5.569321E+02 -1.207899E+04
  0.000000E+00  0.000000E+00  0.000000E+00  0.000000E+00 -1.149716E+04
  0.000000E+00  6.214039E+01 -1.201628E+04  1.207842E+04  0.000000E+00
  0.000000E+00  0.000000E+00  0.000000E+00  1.018627E+04  0.000000E+00
  0.000000E+00  0.000000E+00  9.000000E+01  9.000000E+01  9.000000E+01
  0.000000E+00 -6.393741E-01  0.000000E+00  5.975585E-02  9.962302E-02
 -5.912251E+00  5.032863E+00 -3.358022E+00  5.032863E+00  1.247449E+00
  3.485337E+00 -3.358022E+00  3.485337E+00  2.746679E+00  2.167729E+01
  0.000000E+00  0.000000E+00  0.000000E+00  2.167729E+01  0.000000E+00
  0.000000E+00  0.000000E+00  2.167729E+01 -4.118851E+00
      1300  1.300000E+00        49
 -1.149711E+04  3.023877E+02 -1.152240E+04  5.671199E+02 -1.208952E+04
  0.000000E+00  0.000000E+00  0.000000E+00  0.000000E+00 -1.149711E+04
  0.000000E+00  9.079367E+00 -1.207993E+04  1.208901E+04  0.000000E+00
  0.000000E+00  0.000000E+00  0.000000E+00  1.023729E+04  0.000000E+00
  0.000000E+00  0.000000E+00  9.000000E+01  9.000000E+01  9.000000E+01
  0.000000E+00  2.136614E+00  0.000000E+00  5.421573E-02  9.478798E-02
 -7.394005E+00 -1.640445E+00 -2.301296E+00 -1.640445E+00  5.983313E+00
  3.757316E+00 -2.301296E+00  3.757316E+00  7.820535E+00  2.171342E+01
  0.000000E+00  0.000000E+00  0.000000E+00  2.171342E+01  0.000000E+00
  0.000000E+00  0.000000E+00  2.171342E+01  1.383302E+01
      1400  1.400000E+00        49
 -1.149715E+04  3.049024E+02 -1.152265E+04  5.616099E+02 -1.208426E+04
  0.000000E+00  0.000000E+00  0.000000E+00  0.000000E+00 -1.149715E+04
  0.000000E+00  4.964457E+01 -1.203419E+04  1.208383E+04  0.000000E+00
  0.000000E+00  0.000000E+00  0.000000E+00  1.024407E+04  0.000000E+00
  0.000000E+00  0.000000E+00  9.000000E+01  9.000000E+01  9.000000E+01
  0.000000E+00  6.968925E-02  0.000000E+00  5.814870E-02  1.017999E-01
 -5.876921E+00  1.447833E+00 -3.917884E+00  1.447833E+00  2.987031E+00
  3.756866E+00 -3.917884E+00  3.756866E+00  3.098958E+00  2.171822E+01
  0.000000E+00  0.000000E+00  0.000000E+00  2.171822E+01  0.000000E+00
  0.000000E+00  0.000000E+00  2.171822E+01  4.514861E-01
      1500  1.500000E+00        49
 -1.149712E+04  2.988867E+02 -1.152212E+04  5.640399E+02 -1.208616E+04
  0.000000E+00  0.000000E+00  0.000000E+00  0.000000E+00 -1.149712E+04
  0.000000E+00  3.478232E+01 -1.205093E+04  1.208571E+04  0.000000E+00
  0.000000E+00  0.000000E+00  0.000000E+00  1.026101E+04  0.000000E+00
  0.000000E+00  0.000000E+00  9.000000E+01  9.000000E+01  9.000000E+01
  0.000000E+00  7.813149E-01  0.000000E+00  6.173140E-02  1.089504E-01
 -4.239182E+00  2.153185E+00 -1.760570E+00  2.153185E+00  3.832285E+00
  1.750527E+00 -1.760570E+00  1.750527E+00  2.750841E+00  2.173018E+01
  0.000000E+00  0.000000E+00  0.000000E+00  2.173018E+01  0.000000E+00
  0.000000E+00  0.000000E+00  2.173018E+01  5.070166E+00
      1600  1.600000E+00        49
 -1.149713E+04  3.048613E+02 -1.152263E+04  5.572449E+02 -1.207987E+04
  0.000000E+00  0.000000E+00  0.000000E+00  0.000000E+00 -1.149712E+04
  0.000000E+00  7.573441E+01 -1.200379E+04  1.207952E+04  0.000000E+00
  0.000000E+00  0.000000E+00  0.000000E+00  1.026911E+04  0.000000E+00
  0.000000E+00  0.000000E+00  9.000000E+01  9.000000E+01  9.000000E+01
  0.000000E+00 -1.269928E+00  0.000000E+00  7.550390E-02  1.289806E-01
 -6.304531E+00  4.018378E+00 -1.480041E-01  4.018378E+00  2.183395E+00
  5.265857E+00 -1.480041E-01  5.265857E+00  3.113526E-01  2.173590E+01
  0.000000E+00  0.000000E+00  0.000000E+00  2.173590E+01  0.000000E+00
  0.000000E+00  0.000000E+00  2.173590E+01 -8.247418E+00
      1700  1.700000E+00        49
 -1.149710E+04  3.037800E+02 -1.152251E+04  5.610500E+02 -1.208356E+04
  0.000000E+00  0.000000E+00  0.000000E+00  0.000000E+00 -1.149710E+04
  0.000000E+00  4.910891E+01 -1.203396E+04  1.208306E+04  0.000000E+00
  0.000000E+00  0.000000E+00  0.000000E+00  1.025004E+04  0.000000E+00
  0.000000E+00  0.000000E+00  9.000000E+01  9.000000E+01  9.000000E+01
  0.000000E+00  8.753922E-02  0.000000E+00  8.791152E-02  1.454955E-01
 -3.640940E+00  1.409978E+00 -1.259245E+00  1.409978E+00  2.563940E+00
  2.171280E+00 -1.259245E+00  2.171280E+00  1.339617E+00  2.172244E+01
  0.000000E+00  0.000000E+00  0.000000E+00  2.172244E+01  0.000000E+00
  0.000000E+00  0.000000E+00  2.172244E+01  5.674588E-01
      1800  1.800000E+00        49
 -1.149722E+04  2.987010E+02 -1.152220E+04  5.624988E+02 -1.208470E+04
  0.000000E+00  0.000000E+00  0.000000E+00  0.000000E+00 -1.149721E+04
  0.000000E+00  3.639991E+01 -1.204778E+04  1.208418E+04  0.000000E+00
  0.000000E+00  0.000000E+00  0.000000E+00  1.024135E+04  0.000000E+00
  0.000000E+00  0.000000E+00  9.000000E+01  9.000000E+01  9.000000E+01
  0.000000E+00  6.979656E-01  0.000000E+00  1.015657E-01  1.718531E-01
 -5.163091E+00  3.581894E-02 -4.207802E+00  3.581894E-02  2.625425E+00
  1.430288E+00 -4.207802E+00  1.430288E+00  4.631563E+00  2.171630E+01
  0.000000E+00  0.000000E+00  0.000000E+00  2.171630E+01  0.000000E+00
  0.000000E+00  0.000000E+00  2.171630E+01  4.520614E+00
      1900  1.900000E+00        49
 -1.149728E+04  2.979380E+02 -1.152220E+04  5.676599E+02 -1.208986E+04
  0.000000E+00  0.000000E+00  0.000000E+00  0.000000E+00 -1.149727E+04
  0.000000E+00  7.908871E+00 -1.208146E+04  1.208937E+04  0.000000E+00
  0.000000E+00  0.000000E+00  0.000000E+00  1.025613E+04  0.000000E+00
  0.000000E+00  0.000000E+00  9.000000E+01  9.000000E+01  9.000000E+01
  0.000000E+00  2.154593E+00  0.000000E+00  1.130004E-01  1.848296E-01
 -2.564454E+00  1.534437E+00 -3.022894E+00  1.534437E+00  5.584066E+00
  2.089324E+00 -3.022894E+00  2.089324E+00  3.444168E+00  2.172673E+01
  0.000000E+00  0.000000E+00  0.000000E+00  2.172673E+01  0.000000E+00
  0.000000E+00  0.000000E+00  2.172673E+01  1.397509E+01
      2000  2.000000E+00        49
 -1.149726E+04  2.982088E+02 -1.152220E+04  5.553971E+02 -1.207760E+04
  0.000000E+00  0.000000E+00  0.000000E+00  0.000000E+00 -1.149725E+04
  0.000000E+00  8.455533E+01 -1.199240E+04  1.207696E+04  0.000000E+00
  0.000000E+00  0.000000E+00  0.000000E+00  1.023470E+04  0.000000E+00
  0.000000E+00  0.000000E+00  9.000000E+01  9.000000E+01  9.000000E+01
  0.000000E+00 -1.785769E+00  0.000000E+00  1.162050E-01  2.009768E-01
 -2.430458E+00 -1.247092E-01 -4.135942E+00 -1.247092E-01 -3.357072E+00
  3.405913E+00 -4.135942E+00  3.405913E+00  4.302222E-01  2.171159E+01
  0.000000E+00  0.000000E+00  0.000000E+00  2.171159E+01  0.000000E+00
  0.000000E+00  0.000000E+00  2.171159E+01 -1.155863E+01
      2100  2.100000E+00        49
 -1.149727E+04  2.923608E+02 -1.152172E+04  5.592082E+02 -1.208093E+04
  0.000000E+00  0.000000E+00  0.000000E+00  0.000000E+00 -1.149726E+04
  0.000000E+00  6.032927E+01 -1.202000E+04  1.208033E+04  0.000000E+00
  0.000000E+00  0.000000E+00  0.000000E+00  1.022201E+04  0.000000E+00
  0.000000E+00  0.000000E+00  9.000000E+01  9.000000E+01  9.000000E+01
  0.000000E+00 -5.892597E-01  0.000000E+00  1.149283E-01  1.965667E-01
 -4.294881E+00  1.027612E+00 -2.317434E+00  1.027612E+00 -6.563987E-02
  6.243383E+00 -2.317434E+00  6.243383E+00  2.592741E+00  2.170262E+01
  0.000000E+00  0.000000E+00  0.000000E+00  2.170262E+01  0.000000E+00
  0.000000E+00  0.000000E+00  2.170262E+01 -3.809333E+00
      2200  2.200000E+00        49
 -1.149729E+04  2.931661E+02 -1.152181E+04  5.611936E+02 -1.208300E+04
  0.000000E+00  0.000000E+00  0.000000E+00  0.000000E+00 -1.149728E+04
  0.000000E+00  5.364251E+01 -1.202878E+04  1.208243E+04  0.000000E+00
  0.000000E+00  0.000000E+00  0.000000E+00  1.025168E+04  0.000000E+00
  0.000000E+00  0.000000E+00  9.000000E+01  9.000000E+01  9.000000E+01
  0.000000E+00 -2.368387E-01  0.000000E+00  1.125465E-01  1.948310E-01
 -2.527081E+00  3.720529E+00 -3.471834E+00  3.720529E+00 -1.216852E+00
  6.409010E+00 -3.471834E+00  6.409010E+00  3.033417E+00  2.172359E+01
  0.000000E+00  0.000000E+00  0.000000E+00  2.172359E+01  0.000000E+00
  0.000000E+00  0.000000E+00  2.172359E+01 -1.535513E+00
      2300  2.300000E+00        49
 -1.149742E+04  3.026094E+02 -1.152273E+04  5.620789E+02 -1.208481E+04
  0.000000E+00  0.000000E+00  0.000000E+00  0.000000E+00 -1.149742E+04
  0.000000E+00  3.372000E+01 -1.205061E+04  1.208433E+04  0.000000E+00
  0.000000E+00  0.000000E+00  0.000000E+00  1.020257E+04  0.000000E+00
  0.000000E+00  0.000000E+00  9.000000E+01  9.000000E+01  9.000000E+01
  0.000000E+00  8.728387E-01  0.000000E+00  1.143796E-01  1.880459E-01
 -1.045737E+00  2.005454E+00 -1.097675E+00  2.005454E+00  5.128643E-02
  3.751069E+00 -1.097675E+00  3.751069E+00  3.612966E+00  2.168885E+01
  0.000000E+00  0.000000E+00  0.000000E+00  2.168885E+01  0.000000E+00
  0.000000E+00  0.000000E+00  2.168885E+01  5.631831E+00
      2400  2.400000E+00        49
 -1.149740E+04  3.065020E+02 -1.152303E+04  5.613846E+02 -1.208442E+04
  0.000000E+00  0.000000E+00  0.000000E+00  0.000000E+00 -1.149739E+04
  0.000000E+00  4.089342E+01 -1.204320E+04  1.208409E+04  0.000000E+00
  0.000000E+00  0.000000E+00  0.000000E+00  1.020719E+04  0.000000E+00
  0.000000E+00  0.000000E+00  9.000000E+01  9.000000E+01  9.000000E+01
  0.000000E+00  5.356455E-01  0.000000E+00  1.013433E-01  1.702693E-01
 -3.510649E+00  4.436305E+00 -2.701416E+00  4.436305E+00  6.588323E-01
  3.616902E+00 -2.701416E+00  3.616902E+00  4.458753E+00  2.169212E+01
  0.000000E+00  0.000000E+00  0.000000E+00  2.169212E+01  0.000000E+00
  0.000000E+00  0.000000E+00  2.169212E+01  3.457719E+00
      2500  2.500000E+00        49
 -1.149736E+04  2.943499E+02 -1.152198E+04  5.581664E+02 -1.208014E+04
  0.000000E+00  0.000000E+00  0.000000E+00  0.000000E+00 -1.149735E+04
  0.000000E+00  6.660409E+01 -1.201333E+04  1.207993E+04  0.000000E+00
  0.000000E+00  0.000000E+00  0.000000E+00  1.021133E+04  0.000000E+00
  0.000000E+00  0.000000E+00  9.000000E+01  9.000000E+01  9.000000E+01
  0.000000E+00 -8.965878E-01  0.000000E+00  8.408067E-02  1.481023E-01
 -4.284986E+00  3.555717E-01 -5.929407E+00  3.555717E-01  1.006662E+00
  1.080762E+00 -5.929407E+00  1.080762E+00  5.885598E-01  2.169506E+01
  0.000000E+00  0.000000E+00  0.000000E+00  2.169506E+01  0.000000E+00
  0.000000E+00  0.000000E+00  2.169506E+01 -5.790037E+00
      2600  2.600000E+00        49
 -1.149743E+04  2.865760E+02 -1.152139E+04  5.577575E+02 -1.207915E+04
  0.000000E+00  0.000000E+00  0.000000E+00  0.000000E+00 -1.149742E+04
  0.000000E+00  6.274015E+01 -1.201595E+04  1.207869E+04  0.000000E+00
  0.000000E+00  0.000000E+00  0.000000E+00  1.018087E+04  0.000000E+00
  0.000000E+00  0.000000E+00  9.000000E+01  9.000000E+01  9.000000E+01
  0.000000E+00 -7.665477E-01  0.000000E+00  7.819456E-02  1.320140E-01
 -7.638796E+00  1.704783E+00 -3.464974E+00  1.704783E+00  3.054564E+00
  3.002979E+00 -3.464974E+00  3.002979E+00  2.284589E+00  2.167346E+01
  0.000000E+00  0.000000E+00  0.000000E+00  2.167346E+01  0.000000E+00
  0.000000E+00  0.000000E+00  2.167346E+01 -4.935489E+00
      2700  2.700000E+00        49
 -1.149741E+04  3.037497E+02 -1.152281E+04  5.647023E+02 -1.208751E+04
  0.000000E+00  0.000000E+00  0.000000E+00  0.000000E+00 -1.149740E+04
  0.000000E+00  7.818441E+00 -1.207922E+04  1.208704E+04  0.000000E+00
  0.000000E+00  0.000000E+00  0.000000E+00  1.019116E+04  0.000000E+00
  0.000000E+00  0.000000E+00  9.000000E+01  9.000000E+01  9.000000E+01
  0.000000E+00  2.223280E+00  0.000000E+00  6.745316E-02  1.206088E-01
 -4.177873E+00  1.693721E+00 -3.774260E+00  1.693721E+00  4.797407E+00
  1.552515E+00 -3.774260E+00  1.552515E+00  6.050307E+00  2.168076E+01
  0.000000E+00  0.000000E+00  0.000000E+00  2.168076E+01  0.000000E+00
  0.000000E+00  0.000000E+00  2.168076E+01  1.432926E+01
      2800  2.800000E+00        49
 -1.149743E+04  2.784600E+02 -1.152071E+04  5.617360E+02 -1.208245E+04
  0.000000E+00  0.000000E+00  0.000000E+00  0.000000E+00 -1.149742E+04
  0.000000E+00  4.824404E+01 -1.203425E+04  1.208249E+04  0.000000E+00
  0.000000E+00  0.000000E+00  0.000000E+00  1.025186E+04  0.000000E+00
  0.000000E+00  0.000000E+00  9.000000E+01  9.000000E+01  9.000000E+01
  0.000000E+00 -8.574903E-02  0.000000E+00  7.026670E-02  1.247302E-01
 -6.756698E+00  2.916376E+00  6.298170E-01  2.916376E+00  2.876671E+00
  3.244893E+00  6.298170E-01  3.244893E+00  3.622780E+00  2.172372E+01
  0.000000E+00  0.000000E+00  0.000000E+00  2.172372E+01  0.000000E+00
  0.000000E+00  0.000000E+00  2.172372E+01 -5.559529E-01
      2900  2.900000E+00        49
 -1.149740E+04  2.961786E+02 -1.152217E+04  5.600197E+02 -1.208219E+04
  0.000000E+00  0.000000E+00  0.000000E+00  0.000000E+00 -1.149739E+04
  0.000000E+00  6.341962E+01 -1.201879E+04  1.208221E+04  0.000000E+00
  0.000000E+00  0.000000E+00  0.000000E+00  1.028089E+04  0.000000E+00
  0.000000E+00  0.000000E+00  9.000000E+01  9.000000E+01  9.000000E+01
  0.000000E+00 -7.115806E-01  0.000000E+00  6.540590E-02  1.232607E-01
 -8.270268E+00  7.613293E-02 -2.409314E+00  7.613293E-02  2.197469E-01
  3.010244E+00 -2.409314E+00  3.010244E+00  5.915779E+00  2.174421E+01
  0.000000E+00  0.000000E+00  0.000000E+00  2.174421E+01  0.000000E+00
  0.000000E+00  0.000000E+00  2.174421E+01 -4.626589E+00
      3000  3.000000E+00        49
 -1.149746E+04  2.965131E+02 -1.152226E+04  5.607716E+02 -1.208303E+04
  0.000000E+00  0.000000E+00  0.000000E+00  0.000000E+00 -1.149745E+04
  0.000000E+00  4.829612E+01 -1.203452E+04  1.208281E+04  0.000000E+00
  0.000000E+00  0.000000E+00  0.000000E+00  1.023281E+04  0.000000E+00
  0.000000E+00  0.000000E+00  9.000000E+01  9.000000E+01  9.000000E+01
  0.000000E+00  6.694493E-02  0.000000E+00  6.824424E-02  1.168124E-01
 -6.686614E+00 -1.740839E+00 -4.052126E+00 -1.740839E+00  5.311279E+00
  2.107427E+00 -4.052126E+00  2.107427E+00  1.576169E+00  2.171026E+01
  0.000000E+00  0.000000E+00  0.000000E+00  2.171026E+01  0.000000E+00
  0.000000E+00  0.000000E+00  2.171026E+01  4.332303E-01
