 timestep avsi avo
   0.0000000000000000        27.432910122859969        45.356951706362004     
   50.000000000000000        28.921153841694267        44.387491260309261     
   100.00000000000000        26.249060220733465        47.093716530271692     
   150.00000000000000        27.972437920583502        47.219613232837439     
   200.00000000000000        27.414402000188964        46.309900614751449     
   250.00000000000000        24.731218219193700        46.216635617330624     
   300.00000000000000        27.104271885451386        46.735637736696809     
   350.00000000000000        27.440469180342415        46.708912988396548     
   400.00000000000000        25.330265760958554        44.248639453899507     
   450.00000000000000        26.326917107115154        48.984616202181172     
   500.00000000000000        26.382001302927531        46.064887753010119     
   550.00000000000000        26.089555442674506        44.621239420071802     
   600.00000000000000        26.246280331478086        43.868273000036837     
   650.00000000000000        26.561892876499609        47.386592603757244     
   700.00000000000000        25.436347281789228        46.487669023056917     
   750.00000000000000        27.344966156100938        47.111267300489708     
   800.00000000000000        24.628132337982496        47.488326226699556     
   850.00000000000000        26.376907530570524        47.052044583554832     
   900.00000000000000        25.287568853364174        49.755534226467951     
   950.00000000000000        25.817003025570219        48.293278588337230     
   1000.0000000000000        26.817508800405900        47.101342865438269     
   1050.0000000000000        29.412687536538911        43.697990056069521     
   1100.0000000000000        25.534417626218378        46.635710079206220     
   1150.0000000000000        25.968136531465948        48.852073961738611     
   1200.0000000000000        27.894675015067516        44.713814342126682     
   1250.0000000000000        25.721814546457026        46.650090652202714     
   1300.0000000000000        24.321174214313448        49.748944679951535     
   1350.0000000000000        26.954182323572905        46.504640376825769     
   1400.0000000000000        26.711116834977137        47.803004161344973     
   1450.0000000000000        26.996732971552792        48.312233471232638     
   1500.0000000000000        25.344116668427279        47.335171459462288     
   1550.0000000000000        28.518076669266232        44.782577145512114     
   1600.0000000000000        26.062811133470177        48.536755156663901     
   1650.0000000000000        25.889165801531721        47.907490080056867     
   1700.0000000000000        24.828953777774498        49.150256543683504     
   1750.0000000000000        28.301619756581143        47.344676799494849     
   1800.0000000000000        24.928753196483793        47.900842506754778     
   1850.0000000000000        26.494627645771182        47.225273916381646     
   1900.0000000000000        28.111104675136769        45.154309152461920     
   1950.0000000000000        27.953340955773943        46.410319748364174     
   2000.0000000000000        26.789509934177197        46.502694447429775     
   2050.0000000000000        27.044534462359980        47.171861217389782     
   2100.0000000000000        27.054489991090609        44.141732450677893     
   2150.0000000000000        26.274721097967632        47.089802156401824     
   2200.0000000000000        26.815853013653889        45.304308870046164     
   2250.0000000000000        25.141238047694337        47.248917307700744     
   2300.0000000000000        25.407780202497335        47.435121278384131     
   2350.0000000000000        25.973223642343207        46.334292570379958     
   2400.0000000000000        26.115633470804500        48.770201281205516     
   2450.0000000000000        25.381051948015344        45.047071447511321     
   2500.0000000000000        25.878914111299721        45.592495137515563     
   2550.0000000000000        27.798445705790581        45.084457194040162     
   2600.0000000000000        25.850040961789936        44.311338290696831     
   2650.0000000000000        26.415971990049137        45.878037373060309     
   2700.0000000000000        26.206139693970769        47.397832855034558     
   2750.0000000000000        26.768994344788258        45.976173651481758     
   2800.0000000000000        22.175648098768946        45.526543283453215     
   2850.0000000000000        24.285800994344690        46.941869074954191     
   2900.0000000000000        24.827766567064820        47.187712676726548     
   2950.0000000000000        24.182309126935223        46.100734842530152     
