magnezium oxide                                                         
         6       200
U       U       
  2.500000E-02           NaN
  7.500000E-02           NaN
  1.250000E-01           NaN
  1.750000E-01           NaN
  2.250000E-01           NaN
  2.750000E-01           NaN
  3.250000E-01           NaN
  3.750000E-01           NaN
  4.250000E-01           NaN
  4.750000E-01           NaN
  5.250000E-01           NaN
  5.750000E-01           NaN
  6.250000E-01           NaN
  6.750000E-01           NaN
  7.250000E-01           NaN
  7.750000E-01           NaN
  8.250000E-01           NaN
  8.750000E-01           NaN
  9.250000E-01           NaN
  9.750000E-01           NaN
  1.025000E+00           NaN
  1.075000E+00           NaN
  1.125000E+00           NaN
  1.175000E+00           NaN
  1.225000E+00           NaN
  1.275000E+00           NaN
  1.325000E+00           NaN
  1.375000E+00           NaN
  1.425000E+00           NaN
  1.475000E+00           NaN
  1.525000E+00           NaN
  1.575000E+00           NaN
  1.625000E+00           NaN
  1.675000E+00           NaN
  1.725000E+00           NaN
  1.775000E+00           NaN
  1.825000E+00           NaN
  1.875000E+00           NaN
  1.925000E+00           NaN
  1.975000E+00           NaN
  2.025000E+00           NaN
  2.075000E+00           NaN
  2.125000E+00           NaN
  2.175000E+00           NaN
  2.225000E+00           NaN
  2.275000E+00           NaN
  2.325000E+00           NaN
  2.375000E+00           NaN
  2.425000E+00           NaN
  2.475000E+00           NaN
  2.525000E+00           NaN
  2.575000E+00           NaN
  2.625000E+00           NaN
  2.675000E+00           NaN
  2.725000E+00           NaN
  2.775000E+00           NaN
  2.825000E+00           NaN
  2.875000E+00           NaN
  2.925000E+00           NaN
  2.975000E+00           NaN
  3.025000E+00           NaN
  3.075000E+00           NaN
  3.125000E+00           NaN
  3.175000E+00           NaN
  3.225000E+00           NaN
  3.275000E+00           NaN
  3.325000E+00           NaN
  3.375000E+00           NaN
  3.425000E+00           NaN
  3.475000E+00           NaN
  3.525000E+00           NaN
  3.575000E+00           NaN
  3.625000E+00           NaN
  3.675000E+00           NaN
  3.725000E+00           NaN
  3.775000E+00           NaN
  3.825000E+00           NaN
  3.875000E+00           NaN
  3.925000E+00           NaN
  3.975000E+00           NaN
  4.025000E+00           NaN
  4.075000E+00           NaN
  4.125000E+00           NaN
  4.175000E+00           NaN
  4.225000E+00           NaN
  4.275000E+00           NaN
  4.325000E+00           NaN
  4.375000E+00           NaN
  4.425000E+00           NaN
  4.475000E+00           NaN
  4.525000E+00           NaN
  4.575000E+00           NaN
  4.625000E+00           NaN
  4.675000E+00           NaN
  4.725000E+00           NaN
  4.775000E+00           NaN
  4.825000E+00           NaN
  4.875000E+00           NaN
  4.925000E+00           NaN
  4.975000E+00           NaN
  5.025000E+00           NaN
  5.075000E+00           NaN
  5.125000E+00           NaN
  5.175000E+00           NaN
  5.225000E+00           NaN
  5.275000E+00           NaN
  5.325000E+00           NaN
  5.375000E+00           NaN
  5.425000E+00           NaN
  5.475000E+00           NaN
  5.525000E+00           NaN
  5.575000E+00           NaN
  5.625000E+00           NaN
  5.675000E+00           NaN
  5.725000E+00           NaN
  5.775000E+00           NaN
  5.825000E+00           NaN
  5.875000E+00           NaN
  5.925000E+00           NaN
  5.975000E+00           NaN
  6.025000E+00           NaN
  6.075000E+00           NaN
  6.125000E+00           NaN
  6.175000E+00           NaN
  6.225000E+00           NaN
  6.275000E+00           NaN
  6.325000E+00           NaN
  6.375000E+00           NaN
  6.425000E+00           NaN
  6.475000E+00           NaN
  6.525000E+00           NaN
  6.575000E+00           NaN
  6.625000E+00           NaN
  6.675000E+00           NaN
  6.725000E+00           NaN
  6.775000E+00           NaN
  6.825000E+00           NaN
  6.875000E+00           NaN
  6.925000E+00           NaN
  6.975000E+00           NaN
  7.025000E+00           NaN
  7.075000E+00           NaN
  7.125000E+00           NaN
  7.175000E+00           NaN
  7.225000E+00           NaN
  7.275000E+00           NaN
  7.325000E+00           NaN
  7.375000E+00           NaN
  7.425000E+00           NaN
  7.475000E+00           NaN
  7.525000E+00           NaN
  7.575000E+00           NaN
  7.625000E+00           NaN
  7.675000E+00           NaN
  7.725000E+00           NaN
  7.775000E+00           NaN
  7.825000E+00           NaN
  7.875000E+00           NaN
  7.925000E+00           NaN
  7.975000E+00           NaN
  8.025000E+00           NaN
  8.075000E+00           NaN
  8.125000E+00           NaN
  8.175000E+00           NaN
  8.225000E+00           NaN
  8.275000E+00           NaN
  8.325000E+00           NaN
  8.375000E+00           NaN
  8.425000E+00           NaN
  8.475000E+00           NaN
  8.525000E+00           NaN
  8.575000E+00           NaN
  8.625000E+00           NaN
  8.675000E+00           NaN
  8.725000E+00           NaN
  8.775000E+00           NaN
  8.825000E+00           NaN
  8.875000E+00           NaN
  8.925000E+00           NaN
  8.975000E+00           NaN
  9.025000E+00           NaN
  9.075000E+00           NaN
  9.125000E+00           NaN
  9.175000E+00           NaN
  9.225000E+00           NaN
  9.275000E+00           NaN
  9.325000E+00           NaN
  9.375000E+00           NaN
  9.425000E+00           NaN
  9.475000E+00           NaN
  9.525000E+00           NaN
  9.575000E+00           NaN
  9.625000E+00           NaN
  9.675000E+00           NaN
  9.725000E+00           NaN
  9.775000E+00           NaN
  9.825000E+00           NaN
  9.875000E+00           NaN
  9.925000E+00           NaN
  9.975000E+00           NaN
U       Mg      
  2.500000E-02  0.000000E+00
  7.500000E-02  0.000000E+00
  1.250000E-01  0.000000E+00
  1.750000E-01  0.000000E+00
  2.250000E-01  0.000000E+00
  2.750000E-01  0.000000E+00
  3.250000E-01  0.000000E+00
  3.750000E-01  0.000000E+00
  4.250000E-01  0.000000E+00
  4.750000E-01  0.000000E+00
  5.250000E-01  0.000000E+00
  5.750000E-01  0.000000E+00
  6.250000E-01  0.000000E+00
  6.750000E-01  0.000000E+00
  7.250000E-01  0.000000E+00
  7.750000E-01  0.000000E+00
  8.250000E-01  0.000000E+00
  8.750000E-01  0.000000E+00
  9.250000E-01  0.000000E+00
  9.750000E-01  0.000000E+00
  1.025000E+00  0.000000E+00
  1.075000E+00  0.000000E+00
  1.125000E+00  0.000000E+00
  1.175000E+00  0.000000E+00
  1.225000E+00  0.000000E+00
  1.275000E+00  0.000000E+00
  1.325000E+00  0.000000E+00
  1.375000E+00  0.000000E+00
  1.425000E+00  0.000000E+00
  1.475000E+00  0.000000E+00
  1.525000E+00  0.000000E+00
  1.575000E+00  0.000000E+00
  1.625000E+00  0.000000E+00
  1.675000E+00  0.000000E+00
  1.725000E+00  0.000000E+00
  1.775000E+00  0.000000E+00
  1.825000E+00  0.000000E+00
  1.875000E+00  0.000000E+00
  1.925000E+00  0.000000E+00
  1.975000E+00  0.000000E+00
  2.025000E+00  0.000000E+00
  2.075000E+00  4.693897E-01
  2.125000E+00  0.000000E+00
  2.175000E+00  0.000000E+00
  2.225000E+00  0.000000E+00
  2.275000E+00  0.000000E+00
  2.325000E+00  3.738765E-01
  2.375000E+00  0.000000E+00
  2.425000E+00  6.873563E-01
  2.475000E+00  6.598657E-01
  2.525000E+00  6.339920E-01
  2.575000E+00  3.048054E-01
  2.625000E+00  0.000000E+00
  2.675000E+00  5.648857E-01
  2.725000E+00  5.443467E-01
  2.775000E+00  2.624539E-01
  2.825000E+00  2.532460E-01
  2.875000E+00  4.890284E-01
  2.925000E+00  7.086792E-01
  2.975000E+00  1.826824E+00
  3.025000E+00  2.208666E-01
  3.075000E+00  6.412276E-01
  3.125000E+00  1.241746E+00
  3.175000E+00  4.009815E-01
  3.225000E+00  5.829669E-01
  3.275000E+00  1.130605E+00
  3.325000E+00  3.656194E-01
  3.375000E+00  5.323001E-01
  3.425000E+00  6.891629E-01
  3.475000E+00  1.004211E+00
  3.525000E+00  4.879626E-01
  3.575000E+00  1.265090E+00
  3.625000E+00  4.614122E-01
  3.675000E+00  2.992949E-01
  3.725000E+00  1.019600E+00
  3.775000E+00  1.134594E+00
  3.825000E+00  4.144221E-01
  3.875000E+00  6.729942E-01
  3.925000E+00  9.183402E-01
  3.975000E+00  1.407030E+00
  4.025000E+00  6.237685E-01
  4.075000E+00  8.519775E-01
  4.125000E+00  9.502274E-01
  4.175000E+00  3.478515E-01
  4.225000E+00  4.528895E-01
  4.275000E+00  9.953048E-01
  4.325000E+00  9.724252E-01
  4.375000E+00  1.267101E+00
  4.425000E+00  4.128760E-01
  4.475000E+00  1.110179E+00
  4.525000E+00  8.883655E-01
  4.575000E+00  7.724924E-01
  4.625000E+00  6.613953E-01
  4.675000E+00  7.397984E-01
  4.725000E+00  1.176864E+00
  4.775000E+00  4.432105E-01
  4.825000E+00  6.945160E-01
  4.875000E+00  5.952998E-01
  4.925000E+00  5.832740E-01
  4.975000E+00  9.799010E-01
  5.025000E+00  1.120581E+00
  5.075000E+00  8.631929E-01
  5.125000E+00  8.464324E-01
  5.175000E+00  7.546867E-01
  5.225000E+00  4.441873E-01
  5.275000E+00  7.263444E-01
  5.325000E+00  8.553219E-01
  5.375000E+00  1.469095E+00
  5.425000E+00  4.807134E-01
  5.475000E+00  8.090973E-01
  5.525000E+00  9.931492E-01
  5.575000E+00  8.453596E-01
  5.625000E+00  1.085905E+00
  5.675000E+00  1.004098E+00
  5.725000E+00  1.171630E+00
  5.775000E+00  1.272634E+00
  5.825000E+00  8.339198E-01
  5.875000E+00  9.954543E-01
  5.925000E+00  9.211523E-01
  5.975000E+00  7.925751E-01
  6.025000E+00  8.908286E-01
  6.075000E+00  7.119330E-01
  6.125000E+00  7.003571E-01
  6.175000E+00  7.420660E-01
  6.225000E+00  1.251760E+00
  6.275000E+00  8.725894E-01
  6.325000E+00  9.093686E-01
  6.375000E+00  9.946222E-01
  6.425000E+00  7.833616E-01
  6.475000E+00  9.641377E-01
  6.525000E+00  9.019474E-01
  6.575000E+00  1.122040E+00
  6.625000E+00  7.828271E-01
  6.675000E+00  8.165047E-01
  6.725000E+00  1.161924E+00
  6.775000E+00  9.687080E-01
  6.825000E+00  1.041345E+00
  6.875000E+00  8.552113E-01
  6.925000E+00  5.478891E-01
  6.975000E+00  8.724083E-01
  7.025000E+00  8.600339E-01
  7.075000E+00  7.267894E-01
  7.125000E+00  9.156871E-01
  7.175000E+00  7.459312E-01
  7.225000E+00  1.006669E+00
  7.275000E+00  1.031067E+00
  7.325000E+00  1.167711E+00
  7.375000E+00  7.803409E-01
  7.425000E+00  8.798476E-01
  7.475000E+00  1.085146E+00
  7.525000E+00  8.566184E-01
  7.575000E+00  1.162353E+00
  7.625000E+00  9.038219E-01
  7.675000E+00  9.263951E-01
  7.725000E+00  1.117651E+00
  7.775000E+00  1.303926E+00
  7.825000E+00  1.023251E+00
  7.875000E+00  9.451183E-01
  7.925000E+00  7.401481E-01
  7.975000E+00  1.144012E+00
  8.025000E+00  1.098417E+00
  8.075000E+00  1.053861E+00
  8.125000E+00  9.184677E-01
  8.175000E+00  9.677515E-01
  8.225000E+00  8.066430E-01
  8.275000E+00  9.149874E-01
  8.325000E+00  1.049841E+00
  8.375000E+00  9.797128E-01
  8.425000E+00  1.110489E+00
  8.475000E+00  1.266259E+00
  8.525000E+00  1.112399E+00
  8.575000E+00  1.017005E+00
  8.625000E+00  1.222598E+00
  8.675000E+00  1.047406E+00
  8.725000E+00  9.292376E-01
  8.775000E+00  1.181158E+00
  8.825000E+00  1.012103E+00
  8.875000E+00  8.980922E-01
  8.925000E+00  9.895501E-01
  8.975000E+00  1.254558E+00
  9.025000E+00  9.429286E-01
  9.075000E+00  9.080257E-01
  9.125000E+00  9.709211E-01
  9.175000E+00  8.883401E-01
  9.225000E+00  1.044984E+00
  9.275000E+00  7.283222E-01
  9.325000E+00  1.069178E+00
  9.375000E+00  1.172782E+00
  9.425000E+00  1.183124E+00
  9.475000E+00  8.329771E-01
  9.525000E+00  1.492570E+00
  9.575000E+00  9.258945E-01
  9.625000E+00  1.352633E+00
  9.675000E+00  8.420783E-01
  9.725000E+00  9.189228E-01
  9.775000E+00  1.269134E+00
  9.825000E+00  9.003123E-01
  9.875000E+00  9.948483E-01
  9.925000E+00  1.231062E+00
  9.975000E+00  1.015627E+00
U       O       
  2.500000E-02  0.000000E+00
  7.500000E-02  0.000000E+00
  1.250000E-01  0.000000E+00
  1.750000E-01  0.000000E+00
  2.250000E-01  0.000000E+00
  2.750000E-01  0.000000E+00
  3.250000E-01  0.000000E+00
  3.750000E-01  0.000000E+00
  4.250000E-01  0.000000E+00
  4.750000E-01  0.000000E+00
  5.250000E-01  0.000000E+00
  5.750000E-01  0.000000E+00
  6.250000E-01  0.000000E+00
  6.750000E-01  0.000000E+00
  7.250000E-01  0.000000E+00
  7.750000E-01  0.000000E+00
  8.250000E-01  0.000000E+00
  8.750000E-01  0.000000E+00
  9.250000E-01  2.358841E+00
  9.750000E-01  0.000000E+00
  1.025000E+00  1.921118E+00
  1.075000E+00  3.493193E+00
  1.125000E+00  3.189637E+00
  1.175000E+00  0.000000E+00
  1.225000E+00  0.000000E+00
  1.275000E+00  1.241686E+00
  1.325000E+00  1.149753E+00
  1.375000E+00  0.000000E+00
  1.425000E+00  0.000000E+00
  1.475000E+00  0.000000E+00
  1.525000E+00  8.679790E-01
  1.575000E+00  0.000000E+00
  1.625000E+00  0.000000E+00
  1.675000E+00  0.000000E+00
  1.725000E+00  6.783897E-01
  1.775000E+00  0.000000E+00
  1.825000E+00  6.060869E-01
  1.875000E+00  1.148390E+00
  1.925000E+00  5.447559E-01
  1.975000E+00  0.000000E+00
  2.025000E+00  0.000000E+00
  2.075000E+00  4.688464E-01
  2.125000E+00  8.940873E-01
  2.175000E+00  8.534541E-01
  2.225000E+00  4.077646E-01
  2.275000E+00  1.170116E+00
  2.325000E+00  0.000000E+00
  2.375000E+00  1.073658E+00
  2.425000E+00  0.000000E+00
  2.475000E+00  1.318204E+00
  2.525000E+00  9.498874E-01
  2.575000E+00  9.133578E-01
  2.625000E+00  0.000000E+00
  2.675000E+00  1.410580E+00
  2.725000E+00  8.155749E-01
  2.775000E+00  5.243003E-01
  2.825000E+00  1.011811E+00
  2.875000E+00  9.769249E-01
  2.925000E+00  2.359530E-01
  2.975000E+00  4.561773E-01
  3.025000E+00  6.618330E-01
  3.075000E+00  2.134951E-01
  3.125000E+00  6.201543E-01
  3.175000E+00  6.007761E-01
  3.225000E+00  3.881948E-01
  3.275000E+00  5.646483E-01
  3.325000E+00  1.095589E+00
  3.375000E+00  5.316840E-01
  3.425000E+00  1.720913E-01
  3.475000E+00  5.015243E-01
  3.525000E+00  6.498637E-01
  3.575000E+00  7.897664E-01
  3.625000E+00  4.608782E-01
  3.675000E+00  8.968456E-01
  3.725000E+00  7.274426E-01
  3.775000E+00  1.274941E+00
  3.825000E+00  6.899042E-01
  3.875000E+00  1.075544E+00
  3.925000E+00  6.551981E-01
  3.975000E+00  8.943466E-01
  4.025000E+00  6.230465E-01
  4.075000E+00  9.725616E-01
  4.125000E+00  5.932047E-01
  4.175000E+00  4.632652E-01
  4.225000E+00  1.017822E+00
  4.275000E+00  7.732300E-01
  4.325000E+00  6.475332E-01
  4.375000E+00  5.273476E-01
  4.425000E+00  9.278957E-01
  4.475000E+00  6.048511E-01
  4.525000E+00  4.929652E-01
  4.575000E+00  9.644979E-01
  4.625000E+00  7.550055E-01
  4.675000E+00  9.236777E-01
  4.725000E+00  9.042326E-01
  4.775000E+00  4.426975E-01
  4.825000E+00  6.937121E-01
  4.875000E+00  8.494440E-01
  4.925000E+00  1.414883E+00
  4.975000E+00  9.787668E-01
  5.025000E+00  1.039335E+00
  5.075000E+00  1.097338E+00
  5.125000E+00  9.223120E-01
  5.175000E+00  7.538132E-01
  5.225000E+00  9.612919E-01
  5.275000E+00  8.706045E-01
  5.325000E+00  1.281498E+00
  5.375000E+00  7.686355E-01
  5.425000E+00  1.028908E+00
  5.475000E+00  8.081608E-01
  5.525000E+00  1.124266E+00
  5.575000E+00  5.845715E-01
  5.625000E+00  6.380282E-01
  5.675000E+00  9.402526E-01
  5.725000E+00  8.007140E-01
  5.775000E+00  6.053146E-01
  5.825000E+00  1.189935E+00
  5.875000E+00  8.188371E-01
  5.925000E+00  8.050754E-01
  5.975000E+00  1.130940E+00
  6.025000E+00  6.673482E-01
  6.075000E+00  1.203415E+00
  6.125000E+00  1.183848E+00
  6.175000E+00  6.882637E-01
  6.225000E+00  7.814443E-01
  6.275000E+00  1.025388E+00
  6.325000E+00  6.055441E-01
  6.375000E+00  9.934710E-01
  6.425000E+00  7.824550E-01
  6.475000E+00  1.107475E+00
  6.525000E+00  4.741597E-01
  6.575000E+00  1.074044E+00
  6.625000E+00  1.425856E+00
  6.675000E+00  1.087413E+00
  6.725000E+00  5.356517E-01
  6.775000E+00  6.597183E-01
  6.825000E+00  6.500875E-01
  6.875000E+00  8.542215E-01
  6.925000E+00  8.840273E-01
  6.975000E+00  1.120370E+00
  7.025000E+00  8.999451E-01
  7.075000E+00  1.088922E+00
  7.125000E+00  5.964960E-01
  7.175000E+00  7.842820E-01
  7.225000E+00  7.347913E-01
  7.275000E+00  1.335021E+00
  7.325000E+00  1.091111E+00
  7.375000E+00  9.650181E-01
  7.425000E+00  9.886829E-01
  7.475000E+00  1.481316E+00
  7.525000E+00  9.625803E-01
  7.575000E+00  9.499150E-01
  7.625000E+00  9.722201E-01
  7.675000E+00  8.910516E-01
  7.725000E+00  1.048699E+00
  7.775000E+00  8.682782E-01
  7.825000E+00  8.572174E-01
  7.875000E+00  8.138142E-01
  7.925000E+00  9.964363E-01
  7.975000E+00  1.015722E+00
  8.025000E+00  9.090637E-01
  8.075000E+00  9.907210E-01
  8.125000E+00  1.039725E+00
  8.175000E+00  1.178082E+00
  8.225000E+00  9.250738E-01
  8.275000E+00  1.297189E+00
  8.325000E+00  1.048626E+00
  8.375000E+00  1.180051E+00
  8.425000E+00  8.532337E-01
  8.475000E+00  1.096154E+00
  8.525000E+00  1.194445E+00
  8.575000E+00  1.235466E+00
  8.625000E+00  9.498093E-01
  8.675000E+00  1.046194E+00
  8.725000E+00  1.087276E+00
  8.775000E+00  9.176149E-01
  8.825000E+00  9.850104E-01
  8.875000E+00  1.050833E+00
  8.925000E+00  9.377174E-01
  8.975000E+00  9.774226E-01
  9.025000E+00  8.922669E-01
  9.075000E+00  8.334362E-01
  9.125000E+00  1.115267E+00
  9.175000E+00  1.031200E+00
  9.225000E+00  7.828309E-01
  9.275000E+00  8.213476E-01
  9.325000E+00  1.137588E+00
  9.375000E+00  1.079548E+00
  9.425000E+00  1.090851E+00
  9.475000E+00  9.894208E-01
  9.525000E+00  8.678036E-01
  9.575000E+00  1.167038E+00
  9.625000E+00  1.067779E+00
  9.675000E+00  1.272439E+00
  9.725000E+00  1.152660E+00
  9.775000E+00  1.246538E+00
  9.825000E+00  1.192056E+00
  9.875000E+00  9.315908E-01
  9.925000E+00  1.086180E+00
  9.975000E+00  1.055029E+00
Mg      Mg      
  2.500000E-02  0.000000E+00
  7.500000E-02  0.000000E+00
  1.250000E-01  0.000000E+00
  1.750000E-01  0.000000E+00
  2.250000E-01  0.000000E+00
  2.750000E-01  0.000000E+00
  3.250000E-01  0.000000E+00
  3.750000E-01  0.000000E+00
  4.250000E-01  0.000000E+00
  4.750000E-01  0.000000E+00
  5.250000E-01  0.000000E+00
  5.750000E-01  0.000000E+00
  6.250000E-01  0.000000E+00
  6.750000E-01  0.000000E+00
  7.250000E-01  0.000000E+00
  7.750000E-01  0.000000E+00
  8.250000E-01  0.000000E+00
  8.750000E-01  0.000000E+00
  9.250000E-01  0.000000E+00
  9.750000E-01  0.000000E+00
  1.025000E+00  0.000000E+00
  1.075000E+00  0.000000E+00
  1.125000E+00  0.000000E+00
  1.175000E+00  0.000000E+00
  1.225000E+00  0.000000E+00
  1.275000E+00  0.000000E+00
  1.325000E+00  0.000000E+00
  1.375000E+00  0.000000E+00
  1.425000E+00  0.000000E+00
  1.475000E+00  0.000000E+00
  1.525000E+00  0.000000E+00
  1.575000E+00  0.000000E+00
  1.625000E+00  1.775712E-03
  1.675000E+00  0.000000E+00
  1.725000E+00  0.000000E+00
  1.775000E+00  2.976583E-03
  1.825000E+00  1.407864E-03
  1.875000E+00  4.001349E-03
  1.925000E+00  2.530799E-03
  1.975000E+00  1.322357E-02
  2.025000E+00  2.515730E-02
  2.075000E+00  3.049399E-02
  2.125000E+00  5.399816E-02
  2.175000E+00  6.343893E-02
  2.225000E+00  8.240517E-02
  2.275000E+00  1.304655E-01
  2.325000E+00  2.073236E-01
  2.375000E+00  2.809875E-01
  2.425000E+00  3.460703E-01
  2.475000E+00  4.187315E-01
  2.525000E+00  5.986885E-01
  2.575000E+00  6.881106E-01
  2.625000E+00  8.295555E-01
  2.675000E+00  9.803584E-01
  2.725000E+00  1.143002E+00
  2.775000E+00  1.341499E+00
  2.825000E+00  1.685173E+00
  2.875000E+00  1.977672E+00
  2.925000E+00  2.368293E+00
  2.975000E+00  4.138963E+00
  3.025000E+00  4.714042E+00
  3.075000E+00  2.898666E+00
  3.125000E+00  2.481571E+00
  3.175000E+00  2.218888E+00
  3.225000E+00  2.053685E+00
  3.275000E+00  1.899207E+00
  3.325000E+00  1.730542E+00
  3.375000E+00  1.635186E+00
  3.425000E+00  1.559811E+00
  3.475000E+00  1.518743E+00
  3.525000E+00  1.395203E+00
  3.575000E+00  1.292241E+00
  3.625000E+00  1.213304E+00
  3.675000E+00  1.148918E+00
  3.725000E+00  1.114902E+00
  3.775000E+00  1.063846E+00
  3.825000E+00  1.008972E+00
  3.875000E+00  9.375075E-01
  3.925000E+00  9.521274E-01
  3.975000E+00  9.167510E-01
  4.025000E+00  9.253772E-01
  4.075000E+00  9.050673E-01
  4.125000E+00  9.119206E-01
  4.175000E+00  9.469739E-01
  4.225000E+00  1.359457E+00
  4.275000E+00  1.339902E+00
  4.325000E+00  9.824528E-01
  4.375000E+00  8.408140E-01
  4.425000E+00  8.257519E-01
  4.475000E+00  8.153643E-01
  4.525000E+00  7.701916E-01
  4.575000E+00  7.655472E-01
  4.625000E+00  7.536881E-01
  4.675000E+00  7.505263E-01
  4.725000E+00  7.370368E-01
  4.775000E+00  7.663120E-01
  4.825000E+00  7.841504E-01
  4.875000E+00  8.188579E-01
  4.925000E+00  8.856407E-01
  4.975000E+00  9.391665E-01
  5.025000E+00  9.957827E-01
  5.075000E+00  1.149771E+00
  5.125000E+00  1.325262E+00
  5.175000E+00  2.334976E+00
  5.225000E+00  2.639359E+00
  5.275000E+00  1.712723E+00
  5.325000E+00  1.456296E+00
  5.375000E+00  1.372357E+00
  5.425000E+00  1.295074E+00
  5.475000E+00  1.262767E+00
  5.525000E+00  1.248465E+00
  5.575000E+00  1.184077E+00
  5.625000E+00  1.182091E+00
  5.675000E+00  1.173875E+00
  5.725000E+00  1.147165E+00
  5.775000E+00  1.152696E+00
  5.825000E+00  1.154690E+00
  5.875000E+00  1.171666E+00
  5.925000E+00  1.231320E+00
  5.975000E+00  1.535762E+00
  6.025000E+00  1.699240E+00
  6.075000E+00  1.363765E+00
  6.125000E+00  1.213344E+00
  6.175000E+00  1.181353E+00
  6.225000E+00  1.148414E+00
  6.275000E+00  1.120540E+00
  6.325000E+00  1.108051E+00
  6.375000E+00  1.091892E+00
  6.425000E+00  1.075759E+00
  6.475000E+00  1.085046E+00
  6.525000E+00  1.115732E+00
  6.575000E+00  1.124318E+00
  6.625000E+00  1.186367E+00
  6.675000E+00  1.502188E+00
  6.725000E+00  1.901424E+00
  6.775000E+00  1.487184E+00
  6.825000E+00  1.204836E+00
  6.875000E+00  1.102052E+00
  6.925000E+00  1.079253E+00
  6.975000E+00  1.046678E+00
  7.025000E+00  1.024515E+00
  7.075000E+00  9.951900E-01
  7.125000E+00  9.663071E-01
  7.175000E+00  9.773895E-01
  7.225000E+00  9.408213E-01
  7.275000E+00  9.728550E-01
  7.325000E+00  1.064933E+00
  7.375000E+00  1.181418E+00
  7.425000E+00  1.027680E+00
  7.475000E+00  9.752882E-01
  7.525000E+00  9.530128E-01
  7.575000E+00  9.620483E-01
  7.625000E+00  9.575383E-01
  7.675000E+00  9.935840E-01
  7.725000E+00  1.011960E+00
  7.775000E+00  1.069345E+00
  7.825000E+00  1.137439E+00
  7.875000E+00  1.273214E+00
  7.925000E+00  2.092843E+00
  7.975000E+00  2.132230E+00
  8.025000E+00  1.573318E+00
  8.075000E+00  1.327574E+00
  8.125000E+00  1.254458E+00
  8.175000E+00  1.219232E+00
  8.225000E+00  1.210069E+00
  8.275000E+00  1.187614E+00
  8.325000E+00  1.149507E+00
  8.375000E+00  1.130608E+00
  8.425000E+00  1.123570E+00
  8.475000E+00  1.164475E+00
  8.525000E+00  1.169762E+00
  8.575000E+00  1.118278E+00
  8.625000E+00  1.081144E+00
  8.675000E+00  1.058872E+00
  8.725000E+00  1.061123E+00
  8.775000E+00  1.057713E+00
  8.825000E+00  1.070930E+00
  8.875000E+00  1.096643E+00
  8.925000E+00  1.154505E+00
  8.975000E+00  1.417563E+00
  9.025000E+00  1.651881E+00
  9.075000E+00  1.396060E+00
  9.125000E+00  1.214496E+00
  9.175000E+00  1.118739E+00
  9.225000E+00  1.101410E+00
  9.275000E+00  1.091747E+00
  9.325000E+00  1.072791E+00
  9.375000E+00  1.097979E+00
  9.425000E+00  1.108268E+00
  9.475000E+00  1.318232E+00
  9.525000E+00  1.356064E+00
  9.575000E+00  1.209719E+00
  9.625000E+00  1.088150E+00
  9.675000E+00  1.041163E+00
  9.725000E+00  1.026369E+00
  9.775000E+00  1.019626E+00
  9.825000E+00  1.020156E+00
  9.875000E+00  1.055007E+00
  9.925000E+00  1.197168E+00
  9.975000E+00  1.348592E+00
Mg      O       
  2.500000E-02  0.000000E+00
  7.500000E-02  0.000000E+00
  1.250000E-01  0.000000E+00
  1.750000E-01  0.000000E+00
  2.250000E-01  0.000000E+00
  2.750000E-01  0.000000E+00
  3.250000E-01  0.000000E+00
  3.750000E-01  0.000000E+00
  4.250000E-01  0.000000E+00
  4.750000E-01  0.000000E+00
  5.250000E-01  0.000000E+00
  5.750000E-01  0.000000E+00
  6.250000E-01  0.000000E+00
  6.750000E-01  0.000000E+00
  7.250000E-01  0.000000E+00
  7.750000E-01  0.000000E+00
  8.250000E-01  0.000000E+00
  8.750000E-01  0.000000E+00
  9.250000E-01  0.000000E+00
  9.750000E-01  0.000000E+00
  1.025000E+00  2.226092E-03
  1.075000E+00  0.000000E+00
  1.125000E+00  5.543981E-03
  1.175000E+00  1.694087E-03
  1.225000E+00  1.091045E-02
  1.275000E+00  1.870442E-02
  1.325000E+00  3.463914E-02
  1.375000E+00  1.014466E-01
  1.425000E+00  2.407404E-01
  1.475000E+00  4.493944E-01
  1.525000E+00  8.156790E-01
  1.575000E+00  1.288985E+00
  1.625000E+00  1.656447E+00
  1.675000E+00  2.227674E+00
  1.725000E+00  2.659319E+00
  1.775000E+00  3.031314E+00
  1.825000E+00  3.352089E+00
  1.875000E+00  3.494407E+00
  1.925000E+00  3.548804E+00
  1.975000E+00  3.464352E+00
  2.025000E+00  3.582892E+00
  2.075000E+00  3.859970E+00
  2.125000E+00  6.047262E+00
  2.175000E+00  3.373764E+00
  2.225000E+00  2.455093E+00
  2.275000E+00  1.976406E+00
  2.325000E+00  1.668597E+00
  2.375000E+00  1.376803E+00
  2.425000E+00  1.209238E+00
  2.475000E+00  1.024548E+00
  2.525000E+00  9.524556E-01
  2.575000E+00  8.244563E-01
  2.625000E+00  7.478591E-01
  2.675000E+00  6.721093E-01
  2.725000E+00  6.445216E-01
  2.775000E+00  6.093548E-01
  2.825000E+00  5.545618E-01
  2.875000E+00  5.365729E-01
  2.925000E+00  5.213932E-01
  2.975000E+00  5.093011E-01
  3.025000E+00  4.992506E-01
  3.075000E+00  5.054120E-01
  3.125000E+00  5.114057E-01
  3.175000E+00  5.116691E-01
  3.225000E+00  5.249401E-01
  3.275000E+00  5.500359E-01
  3.325000E+00  5.829176E-01
  3.375000E+00  6.043824E-01
  3.425000E+00  6.668289E-01
  3.475000E+00  7.332056E-01
  3.525000E+00  8.031050E-01
  3.575000E+00  9.145916E-01
  3.625000E+00  1.143028E+00
  3.675000E+00  2.315379E+00
  3.725000E+00  1.531591E+00
  3.775000E+00  1.220115E+00
  3.825000E+00  1.135504E+00
  3.875000E+00  1.083957E+00
  3.925000E+00  1.050746E+00
  3.975000E+00  1.016485E+00
  4.025000E+00  1.052032E+00
  4.075000E+00  1.030600E+00
  4.125000E+00  1.040411E+00
  4.175000E+00  1.062880E+00
  4.225000E+00  1.070371E+00
  4.275000E+00  1.113574E+00
  4.325000E+00  1.120865E+00
  4.375000E+00  1.162242E+00
  4.425000E+00  1.241495E+00
  4.475000E+00  1.270444E+00
  4.525000E+00  1.351056E+00
  4.575000E+00  1.423724E+00
  4.625000E+00  1.590717E+00
  4.675000E+00  1.839649E+00
  4.725000E+00  3.022735E+00
  4.775000E+00  3.133457E+00
  4.825000E+00  2.057423E+00
  4.875000E+00  1.738260E+00
  4.925000E+00  1.585583E+00
  4.975000E+00  1.494708E+00
  5.025000E+00  1.393129E+00
  5.075000E+00  1.294517E+00
  5.125000E+00  1.243108E+00
  5.175000E+00  1.166532E+00
  5.225000E+00  1.096245E+00
  5.275000E+00  1.054713E+00
  5.325000E+00  1.011570E+00
  5.375000E+00  9.742149E-01
  5.425000E+00  9.355949E-01
  5.475000E+00  8.957194E-01
  5.525000E+00  8.776650E-01
  5.575000E+00  8.485959E-01
  5.625000E+00  8.372735E-01
  5.675000E+00  8.246186E-01
  5.725000E+00  7.910789E-01
  5.775000E+00  7.828408E-01
  5.825000E+00  7.900728E-01
  5.875000E+00  7.972174E-01
  5.925000E+00  8.040759E-01
  5.975000E+00  8.138048E-01
  6.025000E+00  8.138864E-01
  6.075000E+00  8.442161E-01
  6.125000E+00  8.798735E-01
  6.175000E+00  9.212636E-01
  6.225000E+00  9.869319E-01
  6.275000E+00  1.101846E+00
  6.325000E+00  1.479478E+00
  6.375000E+00  2.390662E+00
  6.425000E+00  1.720460E+00
  6.475000E+00  1.348342E+00
  6.525000E+00  1.240727E+00
  6.575000E+00  1.209050E+00
  6.625000E+00  1.186552E+00
  6.675000E+00  1.169788E+00
  6.725000E+00  1.155148E+00
  6.775000E+00  1.135816E+00
  6.825000E+00  1.148413E+00
  6.875000E+00  1.160821E+00
  6.925000E+00  1.225775E+00
  6.975000E+00  1.307218E+00
  7.025000E+00  1.795766E+00
  7.075000E+00  1.797813E+00
  7.125000E+00  1.421177E+00
  7.175000E+00  1.248126E+00
  7.225000E+00  1.224323E+00
  7.275000E+00  1.197563E+00
  7.325000E+00  1.176213E+00
  7.375000E+00  1.158469E+00
  7.425000E+00  1.134179E+00
  7.475000E+00  1.151586E+00
  7.525000E+00  1.160954E+00
  7.575000E+00  1.195211E+00
  7.625000E+00  1.512848E+00
  7.675000E+00  1.711416E+00
  7.725000E+00  1.384363E+00
  7.775000E+00  1.190661E+00
  7.825000E+00  1.133890E+00
  7.875000E+00  1.096490E+00
  7.925000E+00  1.072529E+00
  7.975000E+00  1.038710E+00
  8.025000E+00  1.030529E+00
  8.075000E+00  9.803172E-01
  8.125000E+00  9.693166E-01
  8.175000E+00  9.618361E-01
  8.225000E+00  9.405303E-01
  8.275000E+00  9.387982E-01
  8.325000E+00  9.374447E-01
  8.375000E+00  9.224495E-01
  8.425000E+00  9.265610E-01
  8.475000E+00  9.404124E-01
  8.525000E+00  9.520413E-01
  8.575000E+00  9.844917E-01
  8.625000E+00  1.020153E+00
  8.675000E+00  1.112030E+00
  8.725000E+00  1.562711E+00
  8.775000E+00  1.892981E+00
  8.825000E+00  1.496619E+00
  8.875000E+00  1.211920E+00
  8.925000E+00  1.140937E+00
  8.975000E+00  1.110226E+00
  9.025000E+00  1.106172E+00
  9.075000E+00  1.107366E+00
  9.125000E+00  1.113834E+00
  9.175000E+00  1.136935E+00
  9.225000E+00  1.336879E+00
  9.275000E+00  1.459636E+00
  9.325000E+00  1.288991E+00
  9.375000E+00  1.173900E+00
  9.425000E+00  1.139595E+00
  9.475000E+00  1.137344E+00
  9.525000E+00  1.129921E+00
  9.575000E+00  1.146295E+00
  9.625000E+00  1.184917E+00
  9.675000E+00  1.324169E+00
  9.725000E+00  1.752909E+00
  9.775000E+00  1.659055E+00
  9.825000E+00  1.360452E+00
  9.875000E+00  1.207290E+00
  9.925000E+00  1.156804E+00
  9.975000E+00  1.133458E+00
O       O       
  2.500000E-02  0.000000E+00
  7.500000E-02  0.000000E+00
  1.250000E-01  0.000000E+00
  1.750000E-01  0.000000E+00
  2.250000E-01  0.000000E+00
  2.750000E-01  0.000000E+00
  3.250000E-01  0.000000E+00
  3.750000E-01  0.000000E+00
  4.250000E-01  0.000000E+00
  4.750000E-01  0.000000E+00
  5.250000E-01  0.000000E+00
  5.750000E-01  0.000000E+00
  6.250000E-01  0.000000E+00
  6.750000E-01  0.000000E+00
  7.250000E-01  0.000000E+00
  7.750000E-01  0.000000E+00
  8.250000E-01  0.000000E+00
  8.750000E-01  0.000000E+00
  9.250000E-01  0.000000E+00
  9.750000E-01  0.000000E+00
  1.025000E+00  0.000000E+00
  1.075000E+00  0.000000E+00
  1.125000E+00  0.000000E+00
  1.175000E+00  0.000000E+00
  1.225000E+00  0.000000E+00
  1.275000E+00  2.877604E-03
  1.325000E+00  2.664549E-03
  1.375000E+00  0.000000E+00
  1.425000E+00  2.303736E-03
  1.475000E+00  0.000000E+00
  1.525000E+00  4.023078E-03
  1.575000E+00  5.657580E-03
  1.625000E+00  3.543203E-03
  1.675000E+00  3.334841E-03
  1.725000E+00  0.000000E+00
  1.775000E+00  2.969693E-03
  1.825000E+00  5.618419E-03
  1.875000E+00  9.314870E-03
  1.925000E+00  8.837291E-03
  1.975000E+00  3.118336E-02
  2.025000E+00  2.966253E-02
  2.075000E+00  4.780821E-02
  2.125000E+00  4.765703E-02
  2.175000E+00  1.028496E-01
  2.225000E+00  1.285191E-01
  2.275000E+00  1.690318E-01
  2.325000E+00  2.103055E-01
  2.375000E+00  3.077072E-01
  2.425000E+00  4.152777E-01
  2.475000E+00  4.696961E-01
  2.525000E+00  5.782242E-01
  2.575000E+00  7.119182E-01
  2.625000E+00  8.697299E-01
  2.675000E+00  1.005549E+00
  2.725000E+00  1.191388E+00
  2.775000E+00  1.417373E+00
  2.825000E+00  1.673065E+00
  2.875000E+00  1.924417E+00
  2.925000E+00  2.436085E+00
  2.975000E+00  4.042164E+00
  3.025000E+00  4.565600E+00
  3.075000E+00  2.894430E+00
  3.125000E+00  2.379534E+00
  3.175000E+00  2.203078E+00
  3.225000E+00  1.973811E+00
  3.275000E+00  1.892630E+00
  3.325000E+00  1.750234E+00
  3.375000E+00  1.582936E+00
  3.425000E+00  1.537057E+00
  3.475000E+00  1.436192E+00
  3.525000E+00  1.358464E+00
  3.575000E+00  1.262528E+00
  3.625000E+00  1.233637E+00
  3.675000E+00  1.145219E+00
  3.725000E+00  1.112321E+00
  3.775000E+00  1.072218E+00
  3.825000E+00  1.019427E+00
  3.875000E+00  9.945359E-01
  3.925000E+00  9.289692E-01
  3.975000E+00  9.294335E-01
  4.025000E+00  9.206361E-01
  4.075000E+00  9.410069E-01
  4.125000E+00  9.067853E-01
  4.175000E+00  9.565916E-01
  4.225000E+00  1.311755E+00
  4.275000E+00  1.356512E+00
  4.325000E+00  9.701742E-01
  4.375000E+00  8.867750E-01
  4.425000E+00  8.126106E-01
  4.475000E+00  8.053000E-01
  4.525000E+00  7.734355E-01
  4.575000E+00  7.738336E-01
  4.625000E+00  7.421013E-01
  4.675000E+00  7.573515E-01
  4.725000E+00  7.537716E-01
  4.775000E+00  7.776703E-01
  4.825000E+00  8.016274E-01
  4.875000E+00  8.518063E-01
  4.925000E+00  8.876412E-01
  4.975000E+00  9.581632E-01
  5.025000E+00  1.029052E+00
  5.075000E+00  1.127128E+00
  5.125000E+00  1.352831E+00
  5.175000E+00  2.300921E+00
  5.225000E+00  2.611314E+00
  5.275000E+00  1.723891E+00
  5.325000E+00  1.465465E+00
  5.375000E+00  1.381649E+00
  5.425000E+00  1.300025E+00
  5.475000E+00  1.285285E+00
  5.525000E+00  1.234846E+00
  5.575000E+00  1.218817E+00
  5.625000E+00  1.172848E+00
  5.675000E+00  1.149658E+00
  5.725000E+00  1.129379E+00
  5.775000E+00  1.162933E+00
  5.825000E+00  1.167046E+00
  5.875000E+00  1.159872E+00
  5.925000E+00  1.218741E+00
  5.975000E+00  1.488175E+00
  6.025000E+00  1.650971E+00
  6.075000E+00  1.362637E+00
  6.125000E+00  1.227870E+00
  6.175000E+00  1.150521E+00
  6.225000E+00  1.131751E+00
  6.275000E+00  1.127926E+00
  6.325000E+00  1.095663E+00
  6.375000E+00  1.099035E+00
  6.425000E+00  1.108856E+00
  6.475000E+00  1.104072E+00
  6.525000E+00  1.118204E+00
  6.575000E+00  1.137516E+00
  6.625000E+00  1.180210E+00
  6.675000E+00  1.484535E+00
  6.725000E+00  1.890919E+00
  6.775000E+00  1.483946E+00
  6.825000E+00  1.233886E+00
  6.875000E+00  1.119000E+00
  6.925000E+00  1.091973E+00
  6.975000E+00  1.050313E+00
  7.025000E+00  1.019679E+00
  7.075000E+00  9.715761E-01
  7.125000E+00  9.758666E-01
  7.175000E+00  9.408658E-01
  7.225000E+00  9.486815E-01
  7.275000E+00  9.608793E-01
  7.325000E+00  1.069966E+00
  7.375000E+00  1.175242E+00
  7.425000E+00  1.029883E+00
  7.475000E+00  9.798128E-01
  7.525000E+00  9.633652E-01
  7.575000E+00  9.676487E-01
  7.625000E+00  9.836466E-01
  7.675000E+00  9.992263E-01
  7.725000E+00  1.032824E+00
  7.775000E+00  1.057815E+00
  7.825000E+00  1.130986E+00
  7.875000E+00  1.296973E+00
  7.925000E+00  2.047102E+00
  7.975000E+00  2.100739E+00
  8.025000E+00  1.590308E+00
  8.075000E+00  1.329810E+00
  8.125000E+00  1.269980E+00
  8.175000E+00  1.229151E+00
  8.225000E+00  1.192883E+00
  8.275000E+00  1.167033E+00
  8.325000E+00  1.158052E+00
  8.375000E+00  1.121921E+00
  8.425000E+00  1.133822E+00
  8.475000E+00  1.181581E+00
  8.525000E+00  1.165509E+00
  8.575000E+00  1.123515E+00
  8.625000E+00  1.073924E+00
  8.675000E+00  1.065932E+00
  8.725000E+00  1.064137E+00
  8.775000E+00  1.056480E+00
  8.825000E+00  1.067250E+00
  8.875000E+00  1.079017E+00
  8.925000E+00  1.144490E+00
  8.975000E+00  1.411842E+00
  9.025000E+00  1.647655E+00
  9.075000E+00  1.412087E+00
  9.125000E+00  1.199380E+00
  9.175000E+00  1.126487E+00
  9.225000E+00  1.104248E+00
  9.275000E+00  1.082205E+00
  9.325000E+00  1.089300E+00
  9.375000E+00  1.081385E+00
  9.425000E+00  1.126928E+00
  9.475000E+00  1.307572E+00
  9.525000E+00  1.348851E+00
  9.575000E+00  1.199264E+00
  9.625000E+00  1.088106E+00
  9.675000E+00  1.048949E+00
  9.725000E+00  1.032057E+00
  9.775000E+00  1.026667E+00
  9.825000E+00  1.033450E+00
  9.875000E+00  1.044264E+00
  9.925000E+00  1.185183E+00
  9.975000E+00  1.350407E+00
