DL_POLY : Silica glass                                                  
 ENERGY UNITS = electron Volts
         0  0.000000E+00        49
 -1.149735E+04  3.000000E+02 -1.152244E+04  5.641612E+02 -1.208660E+04
  0.000000E+00  0.000000E+00  0.000000E+00  0.000000E+00 -1.111735E+04
  0.000000E+00  6.461965E+00 -1.207878E+04  1.208524E+04  0.000000E+00
  0.000000E+00  0.000000E+00  0.000000E+00  1.014622E+04  0.000000E+00
  0.000000E+00  0.000000E+00  9.000000E+01  9.000000E+01  9.000000E+01
  0.000000E+00  2.271012E+00  0.000000E+00  0.000000E+00  0.000000E+00
 -4.160236E+00 -4.549108E-01 -5.552320E+00 -4.549108E-01  4.000315E+00
  1.699369E+00 -5.552320E+00  1.699369E+00  6.972958E+00  2.164885E+01
  0.000000E+00  0.000000E+00  0.000000E+00  2.164885E+01  0.000000E+00
  0.000000E+00  0.000000E+00  2.164885E+01  1.457236E+01
       100  1.000000E-01        49
 -1.149026E+04  3.000000E+02 -1.151535E+04  6.141648E+02 -1.212952E+04
  0.000000E+00  0.000000E+00  0.000000E+00  0.000000E+00 -1.114975E+04
  0.000000E+00 -6.431927E+02 -1.277086E+04  1.212767E+04  0.000000E+00
  0.000000E+00  0.000000E+00  0.000000E+00  9.091999E+03  0.000000E+00
  0.000000E+00  0.000000E+00  9.000000E+01  9.000000E+01  9.000000E+01
  0.000000E+00  4.019568E+01  0.000000E+00  4.818800E-02  9.368817E-02
  3.603039E+01 -1.215812E+00 -4.624225E+00 -1.215812E+00  4.258795E+01
 -1.139170E+00 -4.624225E+00 -1.139170E+00  4.196872E+01  2.087147E+01
  0.000000E+00  0.000000E+00  0.000000E+00  2.087147E+01  0.000000E+00
  0.000000E+00  0.000000E+00  2.087147E+01  2.311239E+02
       200  2.000000E-01        49
 -1.147918E+04  3.000000E+02 -1.150427E+04  6.010166E+02 -1.210528E+04
  0.000000E+00  0.000000E+00  0.000000E+00  0.000000E+00 -1.116138E+04
  0.000000E+00 -7.283236E+02 -1.283174E+04  1.210341E+04  0.000000E+00
  0.000000E+00  0.000000E+00  0.000000E+00  8.485380E+03  0.000000E+00
  0.000000E+00  0.000000E+00  9.000000E+01  9.000000E+01  9.000000E+01
  0.000000E+00  4.835724E+01  0.000000E+00  1.536588E-01  2.523882E-01
  4.370517E+01 -3.410191E+00  6.787161E-01 -3.410191E+00  5.226830E+01
 -2.755156E+00  6.787161E-01 -2.755156E+00  4.909825E+01  2.039657E+01
  0.000000E+00  0.000000E+00  0.000000E+00  2.039657E+01  0.000000E+00
  0.000000E+00  0.000000E+00  2.039657E+01  2.595009E+02
       300  3.000000E-01        49
 -1.146921E+04  3.000000E+02 -1.149430E+04  5.970375E+02 -1.209134E+04
  0.000000E+00  0.000000E+00  0.000000E+00  0.000000E+00 -1.116083E+04
  0.000000E+00 -7.790461E+02 -1.286866E+04  1.208961E+04  0.000000E+00
  0.000000E+00  0.000000E+00  0.000000E+00  8.234079E+03  0.000000E+00
  0.000000E+00  0.000000E+00  9.000000E+01  9.000000E+01  9.000000E+01
  0.000000E+00  5.307991E+01  0.000000E+00  2.566651E-01  3.843696E-01
  5.041816E+01 -4.324997E+00  3.221505E-01 -4.324997E+00  5.145549E+01
 -2.637759E+00  3.221505E-01 -2.637759E+00  5.736606E+01  2.019319E+01
  0.000000E+00  0.000000E+00  0.000000E+00  2.019319E+01  0.000000E+00
  0.000000E+00  0.000000E+00  2.019319E+01  2.764084E+02
       400  4.000000E-01        49
 -1.146750E+04  3.000000E+02 -1.149259E+04  6.101226E+02 -1.210271E+04
  0.000000E+00  0.000000E+00  0.000000E+00  0.000000E+00 -1.116122E+04
  0.000000E+00 -8.924259E+02 -1.299337E+04  1.210094E+04  0.000000E+00
  0.000000E+00  0.000000E+00  0.000000E+00  8.178129E+03  0.000000E+00
  0.000000E+00  0.000000E+00  9.000000E+01  9.000000E+01  9.000000E+01
  0.000000E+00  6.075031E+01  0.000000E+00  2.725149E-01  4.126984E-01
  6.044329E+01  2.282677E+00 -4.991766E-01  2.282677E+00  6.545594E+01
  4.758570E+00 -4.991766E-01  4.758570E+00  5.635169E+01  2.014735E+01
  0.000000E+00  0.000000E+00  0.000000E+00  2.014735E+01  0.000000E+00
  0.000000E+00  0.000000E+00  2.014735E+01  3.142016E+02
       500  5.000000E-01        49
 -1.147030E+04  3.000000E+02 -1.149539E+04  6.054177E+02 -1.210081E+04
  0.000000E+00  0.000000E+00  0.000000E+00  0.000000E+00 -1.116383E+04
  0.000000E+00 -8.596714E+02 -1.295865E+04  1.209898E+04  0.000000E+00
  0.000000E+00  0.000000E+00  0.000000E+00  8.183153E+03  0.000000E+00
  0.000000E+00  0.000000E+00  9.000000E+01  9.000000E+01  9.000000E+01
  0.000000E+00  5.860330E+01  0.000000E+00  2.800219E-01  4.284832E-01
  5.858441E+01  1.517032E+00  2.929075E+00  1.517032E+00  6.224162E+01
  2.275613E-01  2.929075E+00  2.275613E-01  5.498387E+01  2.015148E+01
  0.000000E+00  0.000000E+00  0.000000E+00  2.015148E+01  0.000000E+00
  0.000000E+00  0.000000E+00  2.015148E+01  3.032835E+02
       600  6.000000E-01        49
 -1.146862E+04  3.000000E+02 -1.149371E+04  5.912735E+02 -1.208498E+04
  0.000000E+00  0.000000E+00  0.000000E+00  0.000000E+00 -1.116536E+04
  0.000000E+00 -7.949110E+02 -1.287817E+04  1.208326E+04  0.000000E+00
  0.000000E+00  0.000000E+00  0.000000E+00  8.097347E+03  0.000000E+00
  0.000000E+00  0.000000E+00  9.000000E+01  9.000000E+01  9.000000E+01
  0.000000E+00  5.500890E+01  0.000000E+00  3.432268E-01  5.134208E-01
  5.534421E+01  2.110616E+00  1.506692E+00  2.110616E+00  5.915205E+01
 -6.926081E-01  1.506692E+00 -6.926081E-01  5.053043E+01  2.008080E+01
  0.000000E+00  0.000000E+00  0.000000E+00  2.008080E+01  0.000000E+00
  0.000000E+00  0.000000E+00  2.008080E+01  2.816967E+02
       700  7.000000E-01        49
 -1.146512E+04  3.000000E+02 -1.149020E+04  5.913878E+02 -1.208159E+04
  0.000000E+00  0.000000E+00  0.000000E+00  0.000000E+00 -1.116472E+04
  0.000000E+00 -8.121204E+02 -1.289209E+04  1.207997E+04  0.000000E+00
  0.000000E+00  0.000000E+00  0.000000E+00  8.020891E+03  0.000000E+00
  0.000000E+00  0.000000E+00  9.000000E+01  9.000000E+01  9.000000E+01
  0.000000E+00  5.666412E+01  0.000000E+00  4.087723E-01  5.826029E-01
  6.142088E+01 -1.605541E+00  2.634490E+00 -1.605541E+00  5.609178E+01
  6.962833E-01  2.634490E+00  6.962833E-01  5.247971E+01  2.001739E+01
  0.000000E+00  0.000000E+00  0.000000E+00  2.001739E+01  0.000000E+00
  0.000000E+00  0.000000E+00  2.001739E+01  2.874331E+02
       800  8.000000E-01        49
 -1.146420E+04  3.000000E+02 -1.148929E+04  5.882404E+02 -1.207753E+04
  0.000000E+00  0.000000E+00  0.000000E+00  0.000000E+00 -1.116600E+04
  0.000000E+00 -8.152972E+02 -1.289099E+04  1.207569E+04  0.000000E+00
  0.000000E+00  0.000000E+00  0.000000E+00  7.962194E+03  0.000000E+00
  0.000000E+00  0.000000E+00  9.000000E+01  9.000000E+01  9.000000E+01
  0.000000E+00  5.729215E+01  0.000000E+00  4.408192E-01  6.274627E-01
  6.305292E+01  2.635036E+00  6.830893E-02  2.635036E+00  5.543803E+01
 -1.389852E+00  6.830893E-02 -1.389852E+00  5.338549E+01  1.996845E+01
  0.000000E+00  0.000000E+00  0.000000E+00  1.996845E+01  0.000000E+00
  0.000000E+00  0.000000E+00  1.996845E+01  2.884921E+02
       900  9.000000E-01        49
 -1.146581E+04  3.000000E+02 -1.149090E+04  5.845533E+02 -1.207546E+04
  0.000000E+00  0.000000E+00  0.000000E+00  0.000000E+00 -1.116925E+04
  0.000000E+00 -8.121501E+02 -1.288580E+04  1.207365E+04  0.000000E+00
  0.000000E+00  0.000000E+00  0.000000E+00  7.918394E+03  0.000000E+00
  0.000000E+00  0.000000E+00  9.000000E+01  9.000000E+01  9.000000E+01
  0.000000E+00  5.739958E+01  0.000000E+00  4.292112E-01  6.331401E-01
  6.285972E+01  4.196204E+00 -2.395732E+00  4.196204E+00  5.500731E+01
 -4.568485E+00 -2.395732E+00 -4.568485E+00  5.433170E+01  1.993176E+01
  0.000000E+00  0.000000E+00  0.000000E+00  1.993176E+01  0.000000E+00
  0.000000E+00  0.000000E+00  1.993176E+01  2.874430E+02
      1000  1.000000E+00        49
 -1.146135E+04  3.000000E+02 -1.148644E+04  5.884907E+02 -1.207493E+04
  0.000000E+00  0.000000E+00  0.000000E+00  0.000000E+00 -1.116661E+04
  0.000000E+00 -8.548905E+02 -1.292792E+04  1.207303E+04  0.000000E+00
  0.000000E+00  0.000000E+00  0.000000E+00  7.869840E+03  0.000000E+00
  0.000000E+00  0.000000E+00  9.000000E+01  9.000000E+01  9.000000E+01
  0.000000E+00  6.061621E+01  0.000000E+00  4.320551E-01  6.389423E-01
  6.377102E+01 -9.687678E-02 -2.057789E+00 -9.687678E-02  5.965768E+01
 -1.633248E+00 -2.057789E+00 -1.633248E+00  5.841992E+01  1.989094E+01
  0.000000E+00  0.000000E+00  0.000000E+00  1.989094E+01  0.000000E+00
  0.000000E+00  0.000000E+00  1.989094E+01  3.016899E+02
      1100  1.100000E+00        49
 -1.146138E+04  3.000000E+02 -1.148647E+04  5.922777E+02 -1.207874E+04
  0.000000E+00  0.000000E+00  0.000000E+00  0.000000E+00 -1.116541E+04
  0.000000E+00 -8.605033E+02 -1.293751E+04  1.207701E+04  0.000000E+00
  0.000000E+00  0.000000E+00  0.000000E+00  7.902651E+03  0.000000E+00
  0.000000E+00  0.000000E+00  9.000000E+01  9.000000E+01  9.000000E+01
  0.000000E+00  6.073888E+01  0.000000E+00  4.368782E-01  6.508107E-01
  6.182393E+01  2.795547E+00  2.172425E+00  2.795547E+00  5.798112E+01
 -1.618041E+00  2.172425E+00 -1.618041E+00  6.241160E+01  1.991854E+01
  0.000000E+00  0.000000E+00  0.000000E+00  1.991854E+01  0.000000E+00
  0.000000E+00  0.000000E+00  1.991854E+01  3.035608E+02
      1200  1.200000E+00        49
 -1.146326E+04  3.000000E+02 -1.148835E+04  5.868021E+02 -1.207515E+04
  0.000000E+00  0.000000E+00  0.000000E+00  0.000000E+00 -1.116705E+04
  0.000000E+00 -8.252761E+02 -1.289883E+04  1.207356E+04  0.000000E+00
  0.000000E+00  0.000000E+00  0.000000E+00  7.909115E+03  0.000000E+00
  0.000000E+00  0.000000E+00  9.000000E+01  9.000000E+01  9.000000E+01
  0.000000E+00  5.834165E+01  0.000000E+00  4.505885E-01  6.592001E-01
  5.701630E+01  3.676703E+00  1.998511E+00  3.676703E+00  5.558849E+01
 -3.218670E+00  1.998511E+00 -3.218670E+00  6.242016E+01  1.992397E+01
  0.000000E+00  0.000000E+00  0.000000E+00  1.992397E+01  0.000000E+00
  0.000000E+00  0.000000E+00  1.992397E+01  2.918184E+02
      1300  1.300000E+00        49
 -1.146315E+04  3.000000E+02 -1.148824E+04  5.896695E+02 -1.207791E+04
  0.000000E+00  0.000000E+00  0.000000E+00  0.000000E+00 -1.116727E+04
  0.000000E+00 -8.411983E+02 -1.291747E+04  1.207627E+04  0.000000E+00
  0.000000E+00  0.000000E+00  0.000000E+00  7.900161E+03  0.000000E+00
  0.000000E+00  0.000000E+00  9.000000E+01  9.000000E+01  9.000000E+01
  0.000000E+00  5.947006E+01  0.000000E+00  4.401243E-01  6.685176E-01
  6.314635E+01  4.289126E+00 -2.784310E+00  4.289126E+00  5.926072E+01
 -6.479013E+00 -2.784310E+00 -6.479013E+00  5.600310E+01  1.991645E+01
  0.000000E+00  0.000000E+00  0.000000E+00  1.991645E+01  0.000000E+00
  0.000000E+00  0.000000E+00  1.991645E+01  2.971258E+02
      1400  1.400000E+00        49
 -1.146344E+04  3.000000E+02 -1.148853E+04  5.892265E+02 -1.207775E+04
  0.000000E+00  0.000000E+00  0.000000E+00  0.000000E+00 -1.116856E+04
  0.000000E+00 -8.490561E+02 -1.292546E+04  1.207640E+04  0.000000E+00
  0.000000E+00  0.000000E+00  0.000000E+00  7.873375E+03  0.000000E+00
  0.000000E+00  0.000000E+00  9.000000E+01  9.000000E+01  9.000000E+01
  0.000000E+00  6.019841E+01  0.000000E+00  4.595020E-01  6.912751E-01
  5.860544E+01  5.594331E+00 -2.267012E+00  5.594331E+00  5.826487E+01
 -4.847447E+00 -2.267012E+00 -4.847447E+00  6.372491E+01  1.989392E+01
  0.000000E+00  0.000000E+00  0.000000E+00  1.989392E+01  0.000000E+00
  0.000000E+00  0.000000E+00  1.989392E+01  2.997450E+02
      1500  1.500000E+00        49
 -1.146393E+04  3.000000E+02 -1.148902E+04  5.832698E+02 -1.207229E+04
  0.000000E+00  0.000000E+00  0.000000E+00  0.000000E+00 -1.116999E+04
  0.000000E+00 -8.219253E+02 -1.289275E+04  1.207082E+04  0.000000E+00
  0.000000E+00  0.000000E+00  0.000000E+00  7.848651E+03  0.000000E+00
  0.000000E+00  0.000000E+00  9.000000E+01  9.000000E+01  9.000000E+01
  0.000000E+00  5.856608E+01  0.000000E+00  4.868047E-01  7.193636E-01
  6.222904E+01  2.849262E+00 -2.627275E+00  2.849262E+00  5.097042E+01
  1.520140E+00 -2.627275E+00  1.520140E+00  6.249878E+01  1.987307E+01
  0.000000E+00  0.000000E+00  0.000000E+00  1.987307E+01  0.000000E+00
  0.000000E+00  0.000000E+00  1.987307E+01  2.907014E+02
      1600  1.600000E+00        49
 -1.146241E+04  3.000000E+02 -1.148750E+04  5.802908E+02 -1.206780E+04
  0.000000E+00  0.000000E+00  0.000000E+00  0.000000E+00 -1.117081E+04
  0.000000E+00 -8.343574E+02 -1.290060E+04  1.206624E+04  0.000000E+00
  0.000000E+00  0.000000E+00  0.000000E+00  7.786187E+03  0.000000E+00
  0.000000E+00  0.000000E+00  9.000000E+01  9.000000E+01  9.000000E+01
  0.000000E+00  5.987749E+01  0.000000E+00  5.183623E-01  7.614026E-01
  6.194876E+01  3.049823E+00 -2.526373E+00  3.049823E+00  5.588124E+01
 -4.842869E+00 -2.526373E+00 -4.842869E+00  6.180248E+01  1.982021E+01
  0.000000E+00  0.000000E+00  0.000000E+00  1.982021E+01  0.000000E+00
  0.000000E+00  0.000000E+00  1.982021E+01  2.948455E+02
      1700  1.700000E+00        49
 -1.146150E+04  3.000000E+02 -1.148659E+04  5.821705E+02 -1.206876E+04
  0.000000E+00  0.000000E+00  0.000000E+00  0.000000E+00 -1.116982E+04
  0.000000E+00 -8.443581E+02 -1.291102E+04  1.206666E+04  0.000000E+00
  0.000000E+00  0.000000E+00  0.000000E+00  7.787979E+03  0.000000E+00
  0.000000E+00  0.000000E+00  9.000000E+01  9.000000E+01  9.000000E+01
  0.000000E+00  6.054055E+01  0.000000E+00  5.282040E-01  7.742435E-01
  6.003942E+01 -1.804631E+00 -1.090034E+00 -1.804631E+00  5.500828E+01
 -9.088107E+00 -1.090034E+00 -9.088107E+00  6.657394E+01  1.982173E+01
  0.000000E+00  0.000000E+00  0.000000E+00  1.982173E+01  0.000000E+00
  0.000000E+00  0.000000E+00  1.982173E+01  2.981790E+02
      1800  1.800000E+00        49
 -1.145963E+04  3.000000E+02 -1.148472E+04  5.769816E+02 -1.206170E+04
  0.000000E+00  0.000000E+00  0.000000E+00  0.000000E+00 -1.116883E+04
  0.000000E+00 -8.101235E+02 -1.287010E+04  1.205997E+04  0.000000E+00
  0.000000E+00  0.000000E+00  0.000000E+00  7.764803E+03  0.000000E+00
  0.000000E+00  0.000000E+00  9.000000E+01  9.000000E+01  9.000000E+01
  0.000000E+00  5.839740E+01  0.000000E+00  5.477456E-01  8.028455E-01
  5.845842E+01  5.038398E+00 -7.578230E+00  5.038398E+00  5.351850E+01
 -8.129187E+00 -7.578230E+00 -8.129187E+00  6.321527E+01  1.980205E+01
  0.000000E+00  0.000000E+00  0.000000E+00  1.980205E+01  0.000000E+00
  0.000000E+00  0.000000E+00  1.980205E+01  2.867675E+02
      1900  1.900000E+00        49
 -1.145970E+04  3.000000E+02 -1.148479E+04  5.769738E+02 -1.206177E+04
  0.000000E+00  0.000000E+00  0.000000E+00  0.000000E+00 -1.116901E+04
  0.000000E+00 -8.151751E+02 -1.287519E+04  1.206001E+04  0.000000E+00
  0.000000E+00  0.000000E+00  0.000000E+00  7.761755E+03  0.000000E+00
  0.000000E+00  0.000000E+00  9.000000E+01  9.000000E+01  9.000000E+01
  0.000000E+00  5.876337E+01  0.000000E+00  5.562260E-01  8.028137E-01
  5.397965E+01 -4.510563E-01 -4.945793E+00 -4.510563E-01  5.965968E+01
 -6.536199E+00 -4.945793E+00 -6.536199E+00  6.265076E+01  1.979946E+01
  0.000000E+00  0.000000E+00  0.000000E+00  1.979946E+01  0.000000E+00
  0.000000E+00  0.000000E+00  1.979946E+01  2.884514E+02
      2000  2.000000E+00        49
 -1.146061E+04  3.000000E+02 -1.148570E+04  5.734549E+02 -1.205915E+04
  0.000000E+00  0.000000E+00  0.000000E+00  0.000000E+00 -1.117053E+04
  0.000000E+00 -7.945202E+02 -1.285195E+04  1.205743E+04  0.000000E+00
  0.000000E+00  0.000000E+00  0.000000E+00  7.745337E+03  0.000000E+00
  0.000000E+00  0.000000E+00  9.000000E+01  9.000000E+01  9.000000E+01
  0.000000E+00  5.748234E+01  0.000000E+00  5.177371E-01  7.927447E-01
  5.785682E+01  3.727320E+00 -7.896690E+00  3.727320E+00  5.091655E+01
 -4.592639E+00 -7.896690E+00 -4.592639E+00  6.367366E+01  1.978549E+01
  0.000000E+00  0.000000E+00  0.000000E+00  1.978549E+01  0.000000E+00
  0.000000E+00  0.000000E+00  1.978549E+01  2.815664E+02
      2100  2.100000E+00        49
 -1.146088E+04  2.976016E+02 -1.148576E+04  5.799988E+02 -1.206576E+04
  0.000000E+00  0.000000E+00  0.000000E+00  0.000000E+00 -1.117059E+04
  0.000000E+00 -8.365274E+02 -1.290079E+04  1.206426E+04  0.000000E+00
  0.000000E+00  0.000000E+00  0.000000E+00  7.750749E+03  0.000000E+00
  0.000000E+00  0.000000E+00  9.000000E+01  9.000000E+01  9.000000E+01
  0.000000E+00  6.027155E+01  0.000000E+00  5.813551E-02  7.795921E-02
  6.102447E+01  3.093618E+00 -3.408876E+00  3.093618E+00  5.163723E+01
 -6.247803E+00 -3.408876E+00 -6.247803E+00  6.815296E+01  1.979010E+01
  0.000000E+00  0.000000E+00  0.000000E+00  1.979010E+01  0.000000E+00
  0.000000E+00  0.000000E+00  1.979010E+01  2.954351E+02
      2200  2.200000E+00        49
 -1.146030E+04  3.019453E+02 -1.148555E+04  5.773012E+02 -1.206285E+04
  0.000000E+00  0.000000E+00  0.000000E+00  0.000000E+00 -1.117061E+04
  0.000000E+00 -8.261842E+02 -1.288736E+04  1.206117E+04  0.000000E+00
  0.000000E+00  0.000000E+00  0.000000E+00  7.734990E+03  0.000000E+00
  0.000000E+00  0.000000E+00  9.000000E+01  9.000000E+01  9.000000E+01
  0.000000E+00  5.973905E+01  0.000000E+00  7.744493E-02  1.025128E-01
  6.236512E+01  3.119694E+00 -4.807204E+00  3.119694E+00  5.268694E+01
 -5.765460E+00 -4.807204E+00 -5.765460E+00  6.416510E+01  1.977667E+01
  0.000000E+00  0.000000E+00  0.000000E+00  1.977667E+01  0.000000E+00
  0.000000E+00  0.000000E+00  1.977667E+01  2.922295E+02
      2300  2.300000E+00        49
 -1.146054E+04  2.954386E+02 -1.148524E+04  5.769940E+02 -1.206224E+04
  0.000000E+00  0.000000E+00  0.000000E+00  0.000000E+00 -1.117057E+04
  0.000000E+00 -8.260382E+02 -1.288639E+04  1.206035E+04  0.000000E+00
  0.000000E+00  0.000000E+00  0.000000E+00  7.742340E+03  0.000000E+00
  0.000000E+00  0.000000E+00  9.000000E+01  9.000000E+01  9.000000E+01
  0.000000E+00  5.959832E+01  0.000000E+00  7.332323E-02  1.003988E-01
  5.908062E+01  4.481963E+00 -6.051449E+00  4.481963E+00  5.826708E+01
 -2.783872E+00 -6.051449E+00 -2.783872E+00  6.144726E+01  1.978294E+01
  0.000000E+00  0.000000E+00  0.000000E+00  1.978294E+01  0.000000E+00
  0.000000E+00  0.000000E+00  1.978294E+01  2.918181E+02
      2400  2.400000E+00        49
 -1.146082E+04  3.048948E+02 -1.148632E+04  5.761632E+02 -1.206249E+04
  0.000000E+00  0.000000E+00  0.000000E+00  0.000000E+00 -1.117057E+04
  0.000000E+00 -8.150136E+02 -1.287586E+04  1.206084E+04  0.000000E+00
  0.000000E+00  0.000000E+00  0.000000E+00  7.749923E+03  0.000000E+00
  0.000000E+00  0.000000E+00  9.000000E+01  9.000000E+01  9.000000E+01
  0.000000E+00  5.889778E+01  0.000000E+00  7.904894E-02  1.172060E-01
  5.767093E+01  5.709881E+00 -3.407067E+00  5.709881E+00  5.898807E+01
 -6.369324E+00 -3.407067E+00 -6.369324E+00  6.003433E+01  1.978939E+01
  0.000000E+00  0.000000E+00  0.000000E+00  1.978939E+01  0.000000E+00
  0.000000E+00  0.000000E+00  1.978939E+01  2.886704E+02
      2500  2.500000E+00        49
 -1.146099E+04  3.028966E+02 -1.148632E+04  5.777705E+02 -1.206409E+04
  0.000000E+00  0.000000E+00  0.000000E+00  0.000000E+00 -1.117050E+04
  0.000000E+00 -8.179632E+02 -1.288062E+04  1.206266E+04  0.000000E+00
  0.000000E+00  0.000000E+00  0.000000E+00  7.756325E+03  0.000000E+00
  0.000000E+00  0.000000E+00  9.000000E+01  9.000000E+01  9.000000E+01
  0.000000E+00  5.902689E+01  0.000000E+00  9.295377E-02  1.339874E-01
  6.006550E+01  8.352576E+00 -6.065020E+00  8.352576E+00  5.441970E+01
 -9.032440E+00 -6.065020E+00 -9.032440E+00  6.259547E+01  1.979484E+01
  0.000000E+00  0.000000E+00  0.000000E+00  1.979484E+01  0.000000E+00
  0.000000E+00  0.000000E+00  1.979484E+01  2.895423E+02
      2600  2.600000E+00        49
 -1.145968E+04  3.064977E+02 -1.148531E+04  5.743455E+02 -1.205965E+04
  0.000000E+00  0.000000E+00  0.000000E+00  0.000000E+00 -1.117061E+04
  0.000000E+00 -8.105213E+02 -1.286879E+04  1.205827E+04  0.000000E+00
  0.000000E+00  0.000000E+00  0.000000E+00  7.718370E+03  0.000000E+00
  0.000000E+00  0.000000E+00  9.000000E+01  9.000000E+01  9.000000E+01
  0.000000E+00  5.885009E+01  0.000000E+00  1.038363E-01  1.365143E-01
  5.854428E+01  8.541415E+00 -5.610876E+00  8.541415E+00  5.262318E+01
 -9.856784E+00 -5.610876E+00 -9.856784E+00  6.538282E+01  1.976250E+01
  0.000000E+00  0.000000E+00  0.000000E+00  1.976250E+01  0.000000E+00
  0.000000E+00  0.000000E+00  1.976250E+01  2.872624E+02
      2700  2.700000E+00        49
 -1.145914E+04  2.922077E+02 -1.148358E+04  5.759806E+02 -1.205956E+04
  0.000000E+00  0.000000E+00  0.000000E+00  0.000000E+00 -1.117069E+04
  0.000000E+00 -8.238904E+02 -1.288188E+04  1.205799E+04  0.000000E+00
  0.000000E+00  0.000000E+00  0.000000E+00  7.701960E+03  0.000000E+00
  0.000000E+00  0.000000E+00  9.000000E+01  9.000000E+01  9.000000E+01
  0.000000E+00  5.972681E+01  0.000000E+00  1.122842E-01  1.449330E-01
  5.868881E+01  3.247774E+00 -1.508795E+00  3.247774E+00  5.818623E+01
 -5.528634E+00 -1.508795E+00 -5.528634E+00  6.230539E+01  1.974848E+01
  0.000000E+00  0.000000E+00  0.000000E+00  1.974848E+01  0.000000E+00
  0.000000E+00  0.000000E+00  1.974848E+01  2.909220E+02
      2800  2.800000E+00        49
 -1.145918E+04  2.948096E+02 -1.148383E+04  5.744054E+02 -1.205824E+04
  0.000000E+00  0.000000E+00  0.000000E+00  0.000000E+00 -1.117059E+04
  0.000000E+00 -8.207430E+02 -1.287749E+04  1.205675E+04  0.000000E+00
  0.000000E+00  0.000000E+00  0.000000E+00  7.705604E+03  0.000000E+00
  0.000000E+00  0.000000E+00  9.000000E+01  9.000000E+01  9.000000E+01
  0.000000E+00  5.951304E+01  0.000000E+00  1.163193E-01  1.528765E-01
  5.736600E+01 -2.335068E-01 -5.296652E+00 -2.335068E-01  5.646828E+01
 -5.818906E+00 -5.296652E+00 -5.818906E+00  6.470484E+01  1.975160E+01
  0.000000E+00  0.000000E+00  0.000000E+00  1.975160E+01  0.000000E+00
  0.000000E+00  0.000000E+00  1.975160E+01  2.900179E+02
      2900  2.900000E+00        49
 -1.145879E+04  3.021919E+02 -1.148406E+04  5.665681E+02 -1.205063E+04
  0.000000E+00  0.000000E+00  0.000000E+00  0.000000E+00 -1.117072E+04
  0.000000E+00 -7.661395E+02 -1.281519E+04  1.204905E+04  0.000000E+00
  0.000000E+00  0.000000E+00  0.000000E+00  7.691695E+03  0.000000E+00
  0.000000E+00  0.000000E+00  9.000000E+01  9.000000E+01  9.000000E+01
  0.000000E+00  5.596356E+01  0.000000E+00  1.014108E-01  1.307430E-01
  5.389303E+01  4.470724E+00 -7.690785E+00  4.470724E+00  5.462093E+01
 -7.121204E+00 -7.690785E+00 -7.121204E+00  5.937672E+01  1.973971E+01
  0.000000E+00  0.000000E+00  0.000000E+00  1.973971E+01  0.000000E+00
  0.000000E+00  0.000000E+00  1.973971E+01  2.722284E+02
      3000  3.000000E+00        49
 -1.145898E+04  2.916523E+02 -1.148337E+04  5.739691E+02 -1.205734E+04
  0.000000E+00  0.000000E+00  0.000000E+00  0.000000E+00 -1.117078E+04
  0.000000E+00 -8.220488E+02 -1.287771E+04  1.205566E+04  0.000000E+00
  0.000000E+00  0.000000E+00  0.000000E+00  7.695069E+03  0.000000E+00
  0.000000E+00  0.000000E+00  9.000000E+01  9.000000E+01  9.000000E+01
  0.000000E+00  5.964779E+01  0.000000E+00  1.006313E-01  1.360390E-01
  6.000063E+01  2.231668E+00 -5.209608E+00  2.231668E+00  6.153229E+01
 -3.780789E+00 -5.209608E+00 -3.780789E+00  5.741046E+01  1.974259E+01
  0.000000E+00  0.000000E+00  0.000000E+00  1.974259E+01  0.000000E+00
  0.000000E+00  0.000000E+00  1.974259E+01  2.902772E+02
