DL_POLY : Silica glass                                                  
 ENERGY UNITS = electron Volts
         0  0.000000E+00        49
 -1.149735E+04  3.000000E+02 -1.152244E+04  5.641612E+02 -1.208660E+04
  0.000000E+00  0.000000E+00  0.000000E+00  0.000000E+00 -1.149735E+04
  0.000000E+00  6.461965E+00 -1.207878E+04  1.208524E+04  0.000000E+00
  0.000000E+00  0.000000E+00  0.000000E+00  1.014622E+04  0.000000E+00
  0.000000E+00  0.000000E+00  9.000000E+01  9.000000E+01  9.000000E+01
  0.000000E+00  2.271012E+00  0.000000E+00  0.000000E+00  0.000000E+00
 -4.160236E+00 -4.549108E-01 -5.552320E+00 -4.549108E-01  4.000315E+00
  1.699369E+00 -5.552320E+00  1.699369E+00  6.972958E+00  2.164885E+01
  0.000000E+00  0.000000E+00  0.000000E+00  2.164885E+01  0.000000E+00
  0.000000E+00  0.000000E+00  2.164885E+01  1.457236E+01
       100  1.000000E-01        49
 -1.149765E+04  3.000000E+02 -1.152274E+04  5.561252E+02 -1.207886E+04
  0.000000E+00  0.000000E+00  0.000000E+00  0.000000E+00 -1.149765E+04
  0.000000E+00  6.731265E+01 -1.201038E+04  1.207769E+04  0.000000E+00
  0.000000E+00  0.000000E+00  0.000000E+00  1.017343E+04  0.000000E+00
  0.000000E+00  0.000000E+00  9.000000E+01  9.000000E+01  9.000000E+01
  0.000000E+00 -8.876758E-01  0.000000E+00  3.824606E-02  6.725411E-02
 -9.592090E+00  2.611070E-01 -4.777446E+00  2.611070E-01  1.769824E+00
  1.145693E+00 -4.777446E+00  1.145693E+00  5.159238E+00  2.166818E+01
  0.000000E+00  0.000000E+00  0.000000E+00  2.166818E+01  0.000000E+00
  0.000000E+00  0.000000E+00  2.166818E+01 -5.711205E+00
       200  2.000000E-01        49
 -1.149818E+04  3.000000E+02 -1.152327E+04  5.593613E+02 -1.208263E+04
  0.000000E+00  0.000000E+00  0.000000E+00  0.000000E+00 -1.149818E+04
  0.000000E+00  4.559847E+01 -1.203552E+04  1.208112E+04  0.000000E+00
  0.000000E+00  0.000000E+00  0.000000E+00  1.017943E+04  0.000000E+00
  0.000000E+00  0.000000E+00  9.000000E+01  9.000000E+01  9.000000E+01
  0.000000E+00  2.371748E-01  0.000000E+00  5.648556E-02  1.005080E-01
 -7.403076E+00 -2.851504E-01 -2.562627E+00 -2.851504E-01  4.359575E+00
 -2.336220E+00 -2.562627E+00 -2.336220E+00  3.755026E+00  2.167244E+01
  0.000000E+00  0.000000E+00  0.000000E+00  2.167244E+01  0.000000E+00
  0.000000E+00  0.000000E+00  2.167244E+01  1.526855E+00
       300  3.000000E-01        49
 -1.149756E+04  3.000000E+02 -1.152265E+04  5.649096E+02 -1.208756E+04
  0.000000E+00  0.000000E+00  0.000000E+00  0.000000E+00 -1.149756E+04
  0.000000E+00  1.516915E+01 -1.207097E+04  1.208613E+04  0.000000E+00
  0.000000E+00  0.000000E+00  0.000000E+00  1.020258E+04  0.000000E+00
  0.000000E+00  0.000000E+00  9.000000E+01  9.000000E+01  9.000000E+01
  0.000000E+00  1.808646E+00  0.000000E+00  5.073819E-02  9.113765E-02
 -3.271064E+00 -9.844636E-01 -4.642041E+00 -9.844636E-01  2.538027E+00
  2.864966E+00 -4.642041E+00  2.864966E+00  6.158974E+00  2.168886E+01
  0.000000E+00  0.000000E+00  0.000000E+00  2.168886E+01  0.000000E+00
  0.000000E+00  0.000000E+00  2.168886E+01  1.166996E+01
       400  4.000000E-01        49
 -1.149905E+04  3.000000E+02 -1.152414E+04  5.575327E+02 -1.208167E+04
  0.000000E+00  0.000000E+00  0.000000E+00  0.000000E+00 -1.149905E+04
  0.000000E+00  5.674117E+01 -1.202360E+04  1.208034E+04  0.000000E+00
  0.000000E+00  0.000000E+00  0.000000E+00  1.017034E+04  0.000000E+00
  0.000000E+00  0.000000E+00  9.000000E+01  9.000000E+01  9.000000E+01
  0.000000E+00 -3.400809E-01  0.000000E+00  4.957791E-02  8.271484E-02
 -5.707782E+00  2.272915E+00 -5.278924E+00  2.272915E+00  2.152583E+00
  3.049659E+00 -5.278924E+00  3.049659E+00  2.534956E+00  2.166599E+01
  0.000000E+00  0.000000E+00  0.000000E+00  2.166599E+01  0.000000E+00
  0.000000E+00  0.000000E+00  2.166599E+01 -2.187378E+00
       500  5.000000E-01        49
 -1.149670E+04  3.000000E+02 -1.152179E+04  5.544354E+02 -1.207623E+04
  0.000000E+00  0.000000E+00  0.000000E+00  0.000000E+00 -1.149670E+04
  0.000000E+00  7.520354E+01 -1.199946E+04  1.207467E+04  0.000000E+00
  0.000000E+00  0.000000E+00  0.000000E+00  1.015579E+04  0.000000E+00
  0.000000E+00  0.000000E+00  9.000000E+01  9.000000E+01  9.000000E+01
  0.000000E+00 -1.298746E+00  0.000000E+00  5.441382E-02  9.146121E-02
 -8.211010E+00  2.954118E+00 -3.209985E+00  2.954118E+00  1.106325E+00
  2.307655E+00 -3.209985E+00  2.307655E+00  3.208445E+00  2.165565E+01
  0.000000E+00  0.000000E+00  0.000000E+00  2.165565E+01  0.000000E+00
  0.000000E+00  0.000000E+00  2.165565E+01 -8.341501E+00
       600  6.000000E-01        49
 -1.149811E+04  3.000000E+02 -1.152320E+04  5.622225E+02 -1.208542E+04
  0.000000E+00  0.000000E+00  0.000000E+00  0.000000E+00 -1.149811E+04
  0.000000E+00  1.412661E+01 -1.206958E+04  1.208370E+04  0.000000E+00
  0.000000E+00  0.000000E+00  0.000000E+00  1.013199E+04  0.000000E+00
  0.000000E+00  0.000000E+00  9.000000E+01  9.000000E+01  9.000000E+01
  0.000000E+00  1.875480E+00  0.000000E+00  5.469759E-02  9.222933E-02
 -3.862453E+00  1.558821E+00 -1.667899E+00  1.558821E+00  4.081550E+00
 -2.213234E-01 -1.667899E+00 -2.213234E-01  5.407342E+00  2.163872E+01
  0.000000E+00  0.000000E+00  0.000000E+00  2.163872E+01  0.000000E+00
  0.000000E+00  0.000000E+00  2.163872E+01  1.201748E+01
       700  7.000000E-01        49
 -1.149834E+04  3.000000E+02 -1.152343E+04  5.624441E+02 -1.208588E+04
  0.000000E+00  0.000000E+00  0.000000E+00  0.000000E+00 -1.149834E+04
  0.000000E+00  2.977411E+01 -1.205477E+04  1.208454E+04  0.000000E+00
  0.000000E+00  0.000000E+00  0.000000E+00  1.019616E+04  0.000000E+00
  0.000000E+00  0.000000E+00  9.000000E+01  9.000000E+01  9.000000E+01
  0.000000E+00  1.054803E+00  0.000000E+00  5.847164E-02  9.920370E-02
 -6.410043E+00  4.268139E+00 -4.551320E+00  4.268139E+00  4.690122E+00
  1.748021E+00 -4.551320E+00  1.748021E+00  4.884329E+00  2.168430E+01
  0.000000E+00  0.000000E+00  0.000000E+00  2.168430E+01  0.000000E+00
  0.000000E+00  0.000000E+00  2.168430E+01  6.801641E+00
       800  8.000000E-01        49
 -1.149725E+04  3.000000E+02 -1.152234E+04  5.651405E+02 -1.208748E+04
  0.000000E+00  0.000000E+00  0.000000E+00  0.000000E+00 -1.149725E+04
  0.000000E+00  7.335144E+00 -1.207864E+04  1.208597E+04  0.000000E+00
  0.000000E+00  0.000000E+00  0.000000E+00  1.017784E+04  0.000000E+00
  0.000000E+00  0.000000E+00  9.000000E+01  9.000000E+01  9.000000E+01
  0.000000E+00  2.218739E+00  0.000000E+00  6.929514E-02  1.200029E-01
 -3.141289E+00  4.337146E+00 -2.778963E+00  4.337146E+00  4.970608E+00
  2.588907E+00 -2.778963E+00  2.588907E+00  4.826897E+00  2.167131E+01
  0.000000E+00  0.000000E+00  0.000000E+00  2.167131E+01  0.000000E+00
  0.000000E+00  0.000000E+00  2.167131E+01  1.428130E+01
       900  9.000000E-01        49
 -1.149757E+04  3.000000E+02 -1.152266E+04  5.643382E+02 -1.208700E+04
  0.000000E+00  0.000000E+00  0.000000E+00  0.000000E+00 -1.149757E+04
  0.000000E+00  1.383460E+01 -1.207173E+04  1.208557E+04  0.000000E+00
  0.000000E+00  0.000000E+00  0.000000E+00  1.020082E+04  0.000000E+00
  0.000000E+00  0.000000E+00  9.000000E+01  9.000000E+01  9.000000E+01
  0.000000E+00  1.877913E+00  0.000000E+00  7.187835E-02  1.282108E-01
 -4.798683E+00  6.197559E+00 -3.200821E+00  6.197559E+00  3.454540E+00
  3.296099E+00 -3.200821E+00  3.296099E+00  6.977882E+00  2.168761E+01
  0.000000E+00  0.000000E+00  0.000000E+00  2.168761E+01  0.000000E+00
  0.000000E+00  0.000000E+00  2.168761E+01  1.211481E+01
      1000  1.000000E+00        49
 -1.149754E+04  3.000000E+02 -1.152263E+04  5.554362E+02 -1.207807E+04
  0.000000E+00  0.000000E+00  0.000000E+00  0.000000E+00 -1.149754E+04
  0.000000E+00  8.875172E+01 -1.198797E+04  1.207672E+04  0.000000E+00
  0.000000E+00  0.000000E+00  0.000000E+00  1.022201E+04  0.000000E+00
  0.000000E+00  0.000000E+00  9.000000E+01  9.000000E+01  9.000000E+01
  0.000000E+00 -1.988914E+00  0.000000E+00  8.240303E-02  1.390088E-01
 -6.238581E+00  2.861214E+00 -2.433561E+00  2.861214E+00 -2.951401E+00
  3.598795E+00 -2.433561E+00  3.598795E+00  3.223239E+00  2.170262E+01
  0.000000E+00  0.000000E+00  0.000000E+00  2.170262E+01  0.000000E+00
  0.000000E+00  0.000000E+00  2.170262E+01 -1.285756E+01
      1100  1.100000E+00        49
 -1.149832E+04  3.000000E+02 -1.152341E+04  5.616192E+02 -1.208503E+04
  0.000000E+00  0.000000E+00  0.000000E+00  0.000000E+00 -1.149832E+04
  0.000000E+00  3.743131E+01 -1.204604E+04  1.208347E+04  0.000000E+00
  0.000000E+00  0.000000E+00  0.000000E+00  1.021105E+04  0.000000E+00
  0.000000E+00  0.000000E+00  9.000000E+01  9.000000E+01  9.000000E+01
  0.000000E+00  6.580138E-01  0.000000E+00  8.813766E-02  1.514645E-01
 -3.243939E+00  3.150383E+00 -3.959758E+00  3.150383E+00  2.265999E+00
  2.984756E+00 -3.959758E+00  2.984756E+00  2.951982E+00  2.169486E+01
  0.000000E+00  0.000000E+00  0.000000E+00  2.169486E+01  0.000000E+00
  0.000000E+00  0.000000E+00  2.169486E+01  4.249244E+00
      1200  1.200000E+00        49
 -1.149737E+04  3.000000E+02 -1.152246E+04  5.617578E+02 -1.208422E+04
  0.000000E+00  0.000000E+00  0.000000E+00  0.000000E+00 -1.149737E+04
  0.000000E+00  4.449753E+01 -1.203846E+04  1.208296E+04  0.000000E+00
  0.000000E+00  0.000000E+00  0.000000E+00  1.023463E+04  0.000000E+00
  0.000000E+00  0.000000E+00  9.000000E+01  9.000000E+01  9.000000E+01
  0.000000E+00  2.925932E-01  0.000000E+00  8.832140E-02  1.480245E-01
 -8.106492E+00  1.197040E+00 -2.765975E+00  1.197040E+00  3.350679E+00
  5.124295E+00 -2.765975E+00  5.124295E+00  5.633592E+00  2.171155E+01
  0.000000E+00  0.000000E+00  0.000000E+00  2.171155E+01  0.000000E+00
  0.000000E+00  0.000000E+00  2.171155E+01  1.893837E+00
      1300  1.300000E+00        49
 -1.149666E+04  3.000000E+02 -1.152175E+04  5.553348E+02 -1.207709E+04
  0.000000E+00  0.000000E+00  0.000000E+00  0.000000E+00 -1.149666E+04
  0.000000E+00  8.719702E+01 -1.198826E+04  1.207545E+04  0.000000E+00
  0.000000E+00  0.000000E+00  0.000000E+00  1.022821E+04  0.000000E+00
  0.000000E+00  0.000000E+00  9.000000E+01  9.000000E+01  9.000000E+01
  0.000000E+00 -1.907594E+00  0.000000E+00  8.063903E-02  1.391703E-01
 -5.270094E+00  2.022047E-01 -4.159258E+00  2.022047E-01 -1.443598E+00
  2.523989E+00 -4.159258E+00  2.523989E+00  9.909085E-01  2.170700E+01
  0.000000E+00  0.000000E+00  0.000000E+00  2.170700E+01  0.000000E+00
  0.000000E+00  0.000000E+00  2.170700E+01 -1.233933E+01
      1400  1.400000E+00        49
 -1.149798E+04  3.000000E+02 -1.152307E+04  5.541571E+02 -1.207723E+04
  0.000000E+00  0.000000E+00  0.000000E+00  0.000000E+00 -1.149798E+04
  0.000000E+00  8.688660E+01 -1.198893E+04  1.207582E+04  0.000000E+00
  0.000000E+00  0.000000E+00  0.000000E+00  1.018702E+04  0.000000E+00
  0.000000E+00  0.000000E+00  9.000000E+01  9.000000E+01  9.000000E+01
  0.000000E+00 -1.899246E+00  0.000000E+00  7.893893E-02  1.343461E-01
 -5.922740E+00  3.788614E+00 -6.096576E+00  3.788614E+00 -1.258540E-02
  4.696848E+00 -6.096576E+00  4.696848E+00  2.375859E-01  2.167782E+01
  0.000000E+00  0.000000E+00  0.000000E+00  2.167782E+01  0.000000E+00
  0.000000E+00  0.000000E+00  2.167782E+01 -1.223586E+01
      1500  1.500000E+00        49
 -1.149796E+04  3.000000E+02 -1.152305E+04  5.621552E+02 -1.208520E+04
  0.000000E+00  0.000000E+00  0.000000E+00  0.000000E+00 -1.149796E+04
  0.000000E+00  2.772863E+01 -1.205608E+04  1.208381E+04  0.000000E+00
  0.000000E+00  0.000000E+00  0.000000E+00  1.018780E+04  0.000000E+00
  0.000000E+00  0.000000E+00  9.000000E+01  9.000000E+01  9.000000E+01
  0.000000E+00  1.161493E+00  0.000000E+00  7.950060E-02  1.412859E-01
 -1.406289E+00  2.313828E-01 -5.395749E+00  2.313828E-01  1.452518E+00
  4.348419E-01 -5.395749E+00  4.348419E-01  3.438250E+00  2.167838E+01
  0.000000E+00  0.000000E+00  0.000000E+00  2.167838E+01  0.000000E+00
  0.000000E+00  0.000000E+00  2.167838E+01  7.483468E+00
      1600  1.600000E+00        49
 -1.149686E+04  3.000000E+02 -1.152195E+04  5.635939E+02 -1.208555E+04
  0.000000E+00  0.000000E+00  0.000000E+00  0.000000E+00 -1.149686E+04
  0.000000E+00  2.868113E+01 -1.205524E+04  1.208392E+04  0.000000E+00
  0.000000E+00  0.000000E+00  0.000000E+00  1.022931E+04  0.000000E+00
  0.000000E+00  0.000000E+00  9.000000E+01  9.000000E+01  9.000000E+01
  0.000000E+00  1.107701E+00  0.000000E+00  8.483601E-02  1.405623E-01
 -4.762617E+00  2.744465E+00 -2.018219E-01  2.744465E+00  3.480241E+00
  3.450740E+00 -2.018219E-01  3.450740E+00  4.605479E+00  2.170778E+01
  0.000000E+00  0.000000E+00  0.000000E+00  2.170778E+01  0.000000E+00
  0.000000E+00  0.000000E+00  2.170778E+01  7.165969E+00
      1700  1.700000E+00        49
 -1.149994E+04  3.000000E+02 -1.152503E+04  5.629890E+02 -1.208802E+04
  0.000000E+00  0.000000E+00  0.000000E+00  0.000000E+00 -1.149994E+04
  0.000000E+00  2.458891E+01 -1.206175E+04  1.208634E+04  0.000000E+00
  0.000000E+00  0.000000E+00  0.000000E+00  1.021480E+04  0.000000E+00
  0.000000E+00  0.000000E+00  9.000000E+01  9.000000E+01  9.000000E+01
  0.000000E+00  1.320430E+00  0.000000E+00  7.285215E-02  1.295340E-01
 -6.007906E+00  3.560226E-01 -3.592546E+00  3.560226E-01  3.780128E+00
  3.740781E+00 -3.592546E+00  3.740781E+00  6.189067E+00  2.169752E+01
  0.000000E+00  0.000000E+00  0.000000E+00  2.169752E+01  0.000000E+00
  0.000000E+00  0.000000E+00  2.169752E+01  8.530044E+00
      1800  1.800000E+00        49
 -1.149660E+04  3.000000E+02 -1.152169E+04  5.550395E+02 -1.207673E+04
  0.000000E+00  0.000000E+00  0.000000E+00  0.000000E+00 -1.149660E+04
  0.000000E+00  9.022919E+01 -1.198502E+04  1.207525E+04  0.000000E+00
  0.000000E+00  0.000000E+00  0.000000E+00  1.022216E+04  0.000000E+00
  0.000000E+00  0.000000E+00  9.000000E+01  9.000000E+01  9.000000E+01
  0.000000E+00 -2.065067E+00  0.000000E+00  6.847205E-02  1.237216E-01
 -9.137640E+00  2.741253E+00 -2.204984E+00  2.741253E+00  3.963527E-01
  1.184542E+00 -2.204984E+00  1.184542E+00  2.546086E+00  2.170272E+01
  0.000000E+00  0.000000E+00  0.000000E+00  2.170272E+01  0.000000E+00
  0.000000E+00  0.000000E+00  2.170272E+01 -1.335005E+01
      1900  1.900000E+00        49
 -1.149652E+04  3.000000E+02 -1.152161E+04  5.620270E+02 -1.208364E+04
  0.000000E+00  0.000000E+00  0.000000E+00  0.000000E+00 -1.149652E+04
  0.000000E+00  3.737549E+01 -1.204460E+04  1.208198E+04  0.000000E+00
  0.000000E+00  0.000000E+00  0.000000E+00  1.019068E+04  0.000000E+00
  0.000000E+00  0.000000E+00  9.000000E+01  9.000000E+01  9.000000E+01
  0.000000E+00  6.622160E-01  0.000000E+00  6.420641E-02  1.149039E-01
 -3.585133E+00  3.531903E+00 -3.967197E+00  3.531903E+00  3.142715E+00
  5.512342E+00 -3.967197E+00  5.512342E+00  2.429066E+00  2.168042E+01
  0.000000E+00  0.000000E+00  0.000000E+00  2.168042E+01  0.000000E+00
  0.000000E+00  0.000000E+00  2.168042E+01  4.267848E+00
      2000  2.000000E+00        49
 -1.149841E+04  3.000000E+02 -1.152350E+04  5.635590E+02 -1.208706E+04
  0.000000E+00  0.000000E+00  0.000000E+00  0.000000E+00 -1.149841E+04
  0.000000E+00  2.806681E+01 -1.205736E+04  1.208543E+04  0.000000E+00
  0.000000E+00  0.000000E+00  0.000000E+00  1.022021E+04  0.000000E+00
  0.000000E+00  0.000000E+00  9.000000E+01  9.000000E+01  9.000000E+01
  0.000000E+00  1.140369E+00  0.000000E+00  6.211035E-02  1.088491E-01
 -2.662882E+00  7.288217E-01 -2.613720E+00  7.288217E-01  5.259781E+00
  3.867869E+00 -2.613720E+00  3.867869E+00  8.242085E-01  2.170134E+01
  0.000000E+00  0.000000E+00  0.000000E+00  2.170134E+01  0.000000E+00
  0.000000E+00  0.000000E+00  2.170134E+01  7.370743E+00
      2100  2.100000E+00        49
 -1.149835E+04  2.813499E+02 -1.152188E+04  5.619917E+02 -1.208387E+04
  0.000000E+00  0.000000E+00  0.000000E+00  0.000000E+00 -1.149835E+04
  0.000000E+00  3.999269E+01 -1.204241E+04  1.208240E+04  0.000000E+00
  0.000000E+00  0.000000E+00  0.000000E+00  1.021848E+04  0.000000E+00
  0.000000E+00  0.000000E+00  9.000000E+01  9.000000E+01  9.000000E+01
  0.000000E+00  3.645128E-01  0.000000E+00  3.167379E-02  5.207045E-02
 -8.240511E+00 -1.299823E+00 -1.816584E+00 -1.299823E+00  2.803281E+00
  1.846349E-01 -1.816584E+00  1.846349E-01  6.530768E+00  2.170012E+01
  0.000000E+00  0.000000E+00  0.000000E+00  2.170012E+01  0.000000E+00
  0.000000E+00  0.000000E+00  2.170012E+01  2.355620E+00
      2200  2.200000E+00        49
 -1.149825E+04  2.874264E+02 -1.152229E+04  5.595369E+02 -1.208183E+04
  0.000000E+00  0.000000E+00  0.000000E+00  0.000000E+00 -1.149825E+04
  0.000000E+00  5.704303E+01 -1.202343E+04  1.208047E+04  0.000000E+00
  0.000000E+00  0.000000E+00  0.000000E+00  1.021409E+04  0.000000E+00
  0.000000E+00  0.000000E+00  9.000000E+01  9.000000E+01  9.000000E+01
  0.000000E+00 -4.627267E-01  0.000000E+00  5.031535E-02  7.899739E-02
 -4.662728E+00  1.323928E+00 -1.333301E+00  1.323928E+00  3.126410E+00
 -1.015024E+00 -1.333301E+00 -1.015024E+00  1.481380E-01  2.169701E+01
  0.000000E+00  0.000000E+00  0.000000E+00  2.169701E+01  0.000000E+00
  0.000000E+00  0.000000E+00  2.169701E+01 -2.989031E+00
      2300  2.300000E+00        49
 -1.149831E+04  2.930336E+02 -1.152282E+04  5.593687E+02 -1.208219E+04
  0.000000E+00  0.000000E+00  0.000000E+00  0.000000E+00 -1.149831E+04
  0.000000E+00  5.273185E+01 -1.202803E+04  1.208077E+04  0.000000E+00
  0.000000E+00  0.000000E+00  0.000000E+00  1.020144E+04  0.000000E+00
  0.000000E+00  0.000000E+00  9.000000E+01  9.000000E+01  9.000000E+01
  0.000000E+00 -1.920988E-01  0.000000E+00  5.822757E-02  9.471204E-02
 -7.314678E+00  7.621755E-01 -6.006567E+00  7.621755E-01  3.714099E+00
  3.024857E+00 -6.006567E+00  3.024857E+00  3.024283E+00  2.168805E+01
  0.000000E+00  0.000000E+00  0.000000E+00  2.168805E+01  0.000000E+00
  0.000000E+00  0.000000E+00  2.168805E+01 -1.239345E+00
      2400  2.400000E+00        49
 -1.149830E+04  2.918299E+02 -1.152270E+04  5.561203E+02 -1.207882E+04
  0.000000E+00  0.000000E+00  0.000000E+00  0.000000E+00 -1.149830E+04
  0.000000E+00  7.708355E+01 -1.200039E+04  1.207748E+04  0.000000E+00
  0.000000E+00  0.000000E+00  0.000000E+00  1.020968E+04  0.000000E+00
  0.000000E+00  0.000000E+00  9.000000E+01  9.000000E+01  9.000000E+01
  0.000000E+00 -1.459496E+00  0.000000E+00  6.210785E-02  1.025497E-01
 -9.339547E+00  1.823360E-01 -3.059487E+00  1.823360E-01  1.906518E+00
  1.879755E+00 -3.059487E+00  1.879755E+00  3.054541E+00  2.169389E+01
  0.000000E+00  0.000000E+00  0.000000E+00  2.169389E+01  0.000000E+00
  0.000000E+00  0.000000E+00  2.169389E+01 -9.423693E+00
      2500  2.500000E+00        49
 -1.149846E+04  2.930804E+02 -1.152297E+04  5.602568E+02 -1.208323E+04
  0.000000E+00  0.000000E+00  0.000000E+00  0.000000E+00 -1.149846E+04
  0.000000E+00  3.241233E+01 -1.204943E+04  1.208185E+04  0.000000E+00
  0.000000E+00  0.000000E+00  0.000000E+00  1.014291E+04  0.000000E+00
  0.000000E+00  0.000000E+00  9.000000E+01  9.000000E+01  9.000000E+01
  0.000000E+00  8.631012E-01  0.000000E+00  7.760392E-02  1.251183E-01
 -6.360062E+00  4.735896E-01 -3.015461E+00  4.735896E-01  4.776381E+00
  3.202424E+00 -3.015461E+00  3.202424E+00  4.172985E+00  2.164649E+01
  0.000000E+00  0.000000E+00  0.000000E+00  2.164649E+01  0.000000E+00
  0.000000E+00  0.000000E+00  2.164649E+01  5.536438E+00
      2600  2.600000E+00        49
 -1.149832E+04  2.915087E+02 -1.152270E+04  5.597675E+02 -1.208247E+04
  0.000000E+00  0.000000E+00  0.000000E+00  0.000000E+00 -1.149832E+04
  0.000000E+00  4.827380E+01 -1.203273E+04  1.208101E+04  0.000000E+00
  0.000000E+00  0.000000E+00  0.000000E+00  1.019537E+04  0.000000E+00
  0.000000E+00  0.000000E+00  9.000000E+01  9.000000E+01  9.000000E+01
  0.000000E+00  2.507088E-02  0.000000E+00  8.643703E-02  1.439266E-01
 -1.026068E+01  2.205724E+00 -6.586574E+00  2.205724E+00  6.615433E+00
  4.708852E+00 -6.586574E+00  4.708852E+00  3.720461E+00  2.168375E+01
  0.000000E+00  0.000000E+00  0.000000E+00  2.168375E+01  0.000000E+00
  0.000000E+00  0.000000E+00  2.168375E+01  1.616510E-01
      2700  2.700000E+00        49
 -1.149845E+04  2.872476E+02 -1.152247E+04  5.582013E+02 -1.208067E+04
  0.000000E+00  0.000000E+00  0.000000E+00  0.000000E+00 -1.149845E+04
  0.000000E+00  4.598743E+01 -1.203317E+04  1.207916E+04  0.000000E+00
  0.000000E+00  0.000000E+00  0.000000E+00  1.014658E+04  0.000000E+00
  0.000000E+00  0.000000E+00  9.000000E+01  9.000000E+01  9.000000E+01
  0.000000E+00  1.069360E-01  0.000000E+00  8.592749E-02  1.404949E-01
 -8.665945E+00 -4.102874E-01 -7.022863E+00 -4.102874E-01  4.024214E+00
  4.153667E+00 -7.022863E+00  4.153667E+00  4.962538E+00  2.164910E+01
  0.000000E+00  0.000000E+00  0.000000E+00  2.164910E+01  0.000000E+00
  0.000000E+00  0.000000E+00  2.164910E+01  6.861979E-01
      2800  2.800000E+00        49
 -1.149842E+04  2.996013E+02 -1.152347E+04  5.625042E+02 -1.208598E+04
  0.000000E+00  0.000000E+00  0.000000E+00  0.000000E+00 -1.149842E+04
  0.000000E+00  2.404859E+01 -1.206060E+04  1.208465E+04  0.000000E+00
  0.000000E+00  0.000000E+00  0.000000E+00  1.016781E+04  0.000000E+00
  0.000000E+00  0.000000E+00  9.000000E+01  9.000000E+01  9.000000E+01
  0.000000E+00  1.351084E+00  0.000000E+00  8.063710E-02  1.332804E-01
 -6.866627E+00  1.087881E+00 -3.090054E+00  1.087881E+00  5.943335E+00
  9.608642E-01 -3.090054E+00  9.608642E-01  4.976546E+00  2.166419E+01
  0.000000E+00  0.000000E+00  0.000000E+00  2.166419E+01  0.000000E+00
  0.000000E+00  0.000000E+00  2.166419E+01  8.687919E+00
      2900  2.900000E+00        49
 -1.149844E+04  2.968214E+02 -1.152326E+04  5.572976E+02 -1.208056E+04
  0.000000E+00  0.000000E+00  0.000000E+00  0.000000E+00 -1.149844E+04
  0.000000E+00  6.312963E+01 -1.201601E+04  1.207914E+04  0.000000E+00
  0.000000E+00  0.000000E+00  0.000000E+00  1.018186E+04  0.000000E+00
  0.000000E+00  0.000000E+00  9.000000E+01  9.000000E+01  9.000000E+01
  0.000000E+00 -6.979240E-01  0.000000E+00  6.557178E-02  1.011227E-01
 -8.611100E+00  2.481237E+00 -2.898487E+00  2.481237E+00  5.687834E-01
  1.592304E+00 -2.898487E+00  1.592304E+00  5.948545E+00  2.167417E+01
  0.000000E+00  0.000000E+00  0.000000E+00  2.167417E+01  0.000000E+00
  0.000000E+00  0.000000E+00  2.167417E+01 -4.494087E+00
      3000  3.000000E+00        49
 -1.149844E+04  2.911904E+02 -1.152279E+04  5.601475E+02 -1.208294E+04
  0.000000E+00  0.000000E+00  0.000000E+00  0.000000E+00 -1.149844E+04
  0.000000E+00  3.964415E+01 -1.204174E+04  1.208138E+04  0.000000E+00
  0.000000E+00  0.000000E+00  0.000000E+00  1.015213E+04  0.000000E+00
  0.000000E+00  0.000000E+00  9.000000E+01  9.000000E+01  9.000000E+01
  0.000000E+00  4.704455E-01  0.000000E+00  5.484408E-02  9.264146E-02
 -4.255677E+00  2.737912E+00 -1.259871E+00  2.737912E+00  8.599181E-01
  3.226778E+00 -1.259871E+00  3.226778E+00  4.807095E+00  2.165305E+01
  0.000000E+00  0.000000E+00  0.000000E+00  2.165305E+01  0.000000E+00
  0.000000E+00  0.000000E+00  2.165305E+01  3.020455E+00
