DL_POLY : Silica glass                                                  
 ENERGY UNITS = electron Volts
         0  0.000000E+00        49
 -1.149735E+04  3.000000E+02 -1.152244E+04  5.641612E+02 -1.208660E+04
  0.000000E+00  0.000000E+00  0.000000E+00  0.000000E+00 -1.086409E+04
  0.000000E+00  6.461965E+00 -1.207878E+04  1.208524E+04  0.000000E+00
  0.000000E+00  0.000000E+00  0.000000E+00  1.014622E+04  0.000000E+00
  0.000000E+00  0.000000E+00  9.000000E+01  9.000000E+01  9.000000E+01
  0.000000E+00  2.271012E+00  0.000000E+00  0.000000E+00  0.000000E+00
 -4.160236E+00 -4.549108E-01 -5.552320E+00 -4.549108E-01  4.000315E+00
  1.699369E+00 -5.552320E+00  1.699369E+00  6.972958E+00  2.164885E+01
  0.000000E+00  0.000000E+00  0.000000E+00  2.164885E+01  0.000000E+00
  0.000000E+00  0.000000E+00  2.164885E+01  1.457236E+01
       100  1.000000E-01        49
 -1.147649E+04  3.000000E+02 -1.150158E+04  6.543962E+02 -1.215598E+04
  0.000000E+00  0.000000E+00  0.000000E+00  0.000000E+00 -1.094387E+04
  0.000000E+00 -1.118124E+03 -1.327142E+04  1.215330E+04  0.000000E+00
  0.000000E+00  0.000000E+00  0.000000E+00  8.533773E+03  0.000000E+00
  0.000000E+00  0.000000E+00  9.000000E+01  9.000000E+01  9.000000E+01
  0.000000E+00  7.215842E+01  0.000000E+00  6.407718E-02  1.300602E-01
  6.972492E+01 -1.534669E+00 -3.749917E+00 -1.534669E+00  7.527970E+01
 -2.071252E+00 -3.749917E+00 -2.071252E+00  7.147063E+01  2.043527E+01
  0.000000E+00  0.000000E+00  0.000000E+00  2.043527E+01  0.000000E+00
  0.000000E+00  0.000000E+00  2.043527E+01  3.894342E+02
       200  2.000000E-01        49
 -1.145122E+04  3.000000E+02 -1.147631E+04  6.351215E+02 -1.211143E+04
  0.000000E+00  0.000000E+00  0.000000E+00  0.000000E+00 -1.096511E+04
  0.000000E+00 -1.232776E+03 -1.334270E+04  1.210992E+04  0.000000E+00
  0.000000E+00  0.000000E+00  0.000000E+00  7.788601E+03  0.000000E+00
  0.000000E+00  0.000000E+00  9.000000E+01  9.000000E+01  9.000000E+01
  0.000000E+00  8.682101E+01  0.000000E+00  2.606891E-01  3.933945E-01
  8.338934E+01 -3.098440E+00  2.310974E+00 -3.098440E+00  9.030295E+01
 -2.672024E+00  2.310974E+00 -2.672024E+00  8.677072E+01  1.982226E+01
  0.000000E+00  0.000000E+00  0.000000E+00  1.982226E+01  0.000000E+00
  0.000000E+00  0.000000E+00  1.982226E+01  4.276518E+02
       300  3.000000E-01        49
 -1.143840E+04  3.000000E+02 -1.146349E+04  6.246414E+02 -1.208814E+04
  0.000000E+00  0.000000E+00  0.000000E+00  0.000000E+00 -1.096908E+04
  0.000000E+00 -1.263578E+03 -1.334967E+04  1.208609E+04  0.000000E+00
  0.000000E+00  0.000000E+00  0.000000E+00  7.519514E+03  0.000000E+00
  0.000000E+00  0.000000E+00  9.000000E+01  9.000000E+01  9.000000E+01
  0.000000E+00  9.208692E+01  0.000000E+00  4.387250E-01  6.100756E-01
  9.171394E+01 -3.765189E+00  1.495859E-01 -3.765189E+00  9.044612E+01
 -1.046332E-01  1.495859E-01 -1.046332E-01  9.410070E+01  1.959130E+01
  0.000000E+00  0.000000E+00  0.000000E+00  1.959130E+01  0.000000E+00
  0.000000E+00  0.000000E+00  1.959130E+01  4.379190E+02
       400  4.000000E-01        49
 -1.143754E+04  3.000000E+02 -1.146263E+04  6.208001E+02 -1.208343E+04
  0.000000E+00  0.000000E+00  0.000000E+00  0.000000E+00 -1.097571E+04
  0.000000E+00 -1.291385E+03 -1.337309E+04  1.208171E+04  0.000000E+00
  0.000000E+00  0.000000E+00  0.000000E+00  7.399555E+03  0.000000E+00
  0.000000E+00  0.000000E+00  9.000000E+01  9.000000E+01  9.000000E+01
  0.000000E+00  9.556050E+01  0.000000E+00  5.074175E-01  6.885246E-01
  9.612671E+01 -1.414386E+00  3.768868E+00 -1.414386E+00  9.686844E+01
  1.409806E+00  3.768868E+00  1.409806E+00  9.368636E+01  1.948656E+01
  0.000000E+00  0.000000E+00  0.000000E+00  1.948656E+01  0.000000E+00
  0.000000E+00  0.000000E+00  1.948656E+01  4.471879E+02
       500  5.000000E-01        49
 -1.143566E+04  3.000000E+02 -1.146075E+04  6.187930E+02 -1.207954E+04
  0.000000E+00  0.000000E+00  0.000000E+00  0.000000E+00 -1.097769E+04
  0.000000E+00 -1.292872E+03 -1.337083E+04  1.207796E+04  0.000000E+00
  0.000000E+00  0.000000E+00  0.000000E+00  7.337604E+03  0.000000E+00
  0.000000E+00  0.000000E+00  9.000000E+01  9.000000E+01  9.000000E+01
  0.000000E+00  9.647415E+01  0.000000E+00  5.794251E-01  7.882002E-01
  1.064902E+02  6.477321E+00  2.689475E+00  6.477321E+00  8.962535E+01
 -2.146588E+00  2.689475E+00 -2.146588E+00  9.330687E+01  1.943203E+01
  0.000000E+00  0.000000E+00  0.000000E+00  1.943203E+01  0.000000E+00
  0.000000E+00  0.000000E+00  1.943203E+01  4.476837E+02
       600  6.000000E-01        49
 -1.143680E+04  3.000000E+02 -1.146189E+04  6.168373E+02 -1.207872E+04
  0.000000E+00  0.000000E+00  0.000000E+00  0.000000E+00 -1.098211E+04
  0.000000E+00 -1.304216E+03 -1.338141E+04  1.207719E+04  0.000000E+00
  0.000000E+00  0.000000E+00  0.000000E+00  7.285161E+03  0.000000E+00
  0.000000E+00  0.000000E+00  9.000000E+01  9.000000E+01  9.000000E+01
  0.000000E+00  9.798933E+01  0.000000E+00  6.131419E-01  8.189938E-01
  1.026786E+02  2.371424E+00  4.848077E+00  2.371424E+00  9.490160E+01
  8.891154E-01  4.848077E+00  8.891154E-01  9.638777E+01  1.938562E+01
  0.000000E+00  0.000000E+00  0.000000E+00  1.938562E+01  0.000000E+00
  0.000000E+00  0.000000E+00  1.938562E+01  4.514649E+02
       700  7.000000E-01        49
 -1.143547E+04  3.000000E+02 -1.146056E+04  6.128062E+02 -1.207336E+04
  0.000000E+00  0.000000E+00  0.000000E+00  0.000000E+00 -1.098249E+04
  0.000000E+00 -1.286968E+03 -1.335823E+04  1.207127E+04  0.000000E+00
  0.000000E+00  0.000000E+00  0.000000E+00  7.257688E+03  0.000000E+00
  0.000000E+00  0.000000E+00  9.000000E+01  9.000000E+01  9.000000E+01
  0.000000E+00  9.710765E+01  0.000000E+00  6.507964E-01  8.905946E-01
  1.025096E+02 -3.365691E+00  4.469358E+00 -3.365691E+00  9.846091E+01
  5.294178E-01  4.469358E+00  5.294178E-01  9.035241E+01  1.936122E+01
  0.000000E+00  0.000000E+00  0.000000E+00  1.936122E+01  0.000000E+00
  0.000000E+00  0.000000E+00  1.936122E+01  4.457155E+02
       800  8.000000E-01        49
 -1.143209E+04  3.000000E+02 -1.145718E+04  6.009280E+02 -1.205811E+04
  0.000000E+00  0.000000E+00  0.000000E+00  0.000000E+00 -1.098444E+04
  0.000000E+00 -1.245101E+03 -1.330133E+04  1.205623E+04  0.000000E+00
  0.000000E+00  0.000000E+00  0.000000E+00  7.172420E+03  0.000000E+00
  0.000000E+00  0.000000E+00  9.000000E+01  9.000000E+01  9.000000E+01
  0.000000E+00  9.518547E+01  0.000000E+00  7.633537E-01  9.972043E-01
  9.478122E+01 -4.073481E+00  2.429850E+00 -4.073481E+00  9.926893E+01
 -9.190314E-01  2.429850E+00 -9.190314E-01  9.150627E+01  1.928510E+01
  0.000000E+00  0.000000E+00  0.000000E+00  1.928510E+01  0.000000E+00
  0.000000E+00  0.000000E+00  1.928510E+01  4.317600E+02
       900  9.000000E-01        49
 -1.143055E+04  3.000000E+02 -1.145564E+04  6.019326E+02 -1.205758E+04
  0.000000E+00  0.000000E+00  0.000000E+00  0.000000E+00 -1.098748E+04
  0.000000E+00 -1.281647E+03 -1.333761E+04  1.205596E+04  0.000000E+00
  0.000000E+00  0.000000E+00  0.000000E+00  7.099011E+03  0.000000E+00
  0.000000E+00  0.000000E+00  9.000000E+01  9.000000E+01  9.000000E+01
  0.000000E+00  9.888315E+01  0.000000E+00  8.259552E-01  1.060299E+00
  1.058227E+02  1.697906E+00  3.762575E+00  1.697906E+00  9.406805E+01
 -3.342489E+00  3.762575E+00 -3.342489E+00  9.675875E+01  1.921908E+01
  0.000000E+00  0.000000E+00  0.000000E+00  1.921908E+01  0.000000E+00
  0.000000E+00  0.000000E+00  1.921908E+01  4.439420E+02
      1000  1.000000E+00        49
 -1.143057E+04  3.000000E+02 -1.145566E+04  5.903818E+02 -1.204604E+04
  0.000000E+00  0.000000E+00  0.000000E+00  0.000000E+00 -1.099089E+04
  0.000000E+00 -1.227829E+03 -1.327206E+04  1.204423E+04  0.000000E+00
  0.000000E+00  0.000000E+00  0.000000E+00  7.044689E+03  0.000000E+00
  0.000000E+00  0.000000E+00  9.000000E+01  9.000000E+01  9.000000E+01
  0.000000E+00  9.561904E+01  0.000000E+00  8.424434E-01  1.092876E+00
  1.053192E+02 -4.667194E+00  1.631583E-01 -4.667194E+00  8.880247E+01
 -9.470021E-01  1.631583E-01 -9.470021E-01  9.273548E+01  1.916993E+01
  0.000000E+00  0.000000E+00  0.000000E+00  1.916993E+01  0.000000E+00
  0.000000E+00  0.000000E+00  1.916993E+01  4.260026E+02
      1100  1.100000E+00        49
 -1.143054E+04  3.000000E+02 -1.145562E+04  5.875495E+02 -1.204317E+04
  0.000000E+00  0.000000E+00  0.000000E+00  0.000000E+00 -1.099472E+04
  0.000000E+00 -1.239668E+03 -1.328149E+04  1.204183E+04  0.000000E+00
  0.000000E+00  0.000000E+00  0.000000E+00  6.982676E+03  0.000000E+00
  0.000000E+00  0.000000E+00  9.000000E+01  9.000000E+01  9.000000E+01
  0.000000E+00  9.736191E+01  0.000000E+00  8.790450E-01  1.115930E+00
  1.027037E+02 -2.168188E-01 -6.678543E-01 -2.168188E-01  9.605116E+01
 -1.659428E-01 -6.678543E-01 -1.659428E-01  9.333084E+01  1.911352E+01
  0.000000E+00  0.000000E+00  0.000000E+00  1.911352E+01  0.000000E+00
  0.000000E+00  0.000000E+00  1.911352E+01  4.299490E+02
      1200  1.200000E+00        49
 -1.143183E+04  3.000000E+02 -1.145692E+04  5.911563E+02 -1.204808E+04
  0.000000E+00  0.000000E+00  0.000000E+00  0.000000E+00 -1.099610E+04
  0.000000E+00 -1.247405E+03 -1.329398E+04  1.204657E+04  0.000000E+00
  0.000000E+00  0.000000E+00  0.000000E+00  6.981329E+03  0.000000E+00
  0.000000E+00  0.000000E+00  9.000000E+01  9.000000E+01  9.000000E+01
  0.000000E+00  9.796483E+01  0.000000E+00  9.273032E-01  1.170608E+00
  1.011247E+02 -4.675409E+00  1.760111E+00 -4.675409E+00  9.165032E+01
  5.447099E+00  1.760111E+00  5.447099E+00  1.011194E+02  1.911229E+01
  0.000000E+00  0.000000E+00  0.000000E+00  1.911229E+01  0.000000E+00
  0.000000E+00  0.000000E+00  1.911229E+01  4.325281E+02
      1300  1.300000E+00        49
 -1.143013E+04  3.000000E+02 -1.145522E+04  5.922235E+02 -1.204745E+04
  0.000000E+00  0.000000E+00  0.000000E+00  0.000000E+00 -1.099627E+04
  0.000000E+00 -1.277860E+03 -1.332365E+04  1.204579E+04  0.000000E+00
  0.000000E+00  0.000000E+00  0.000000E+00  6.951363E+03  0.000000E+00
  0.000000E+00  0.000000E+00  9.000000E+01  9.000000E+01  9.000000E+01
  0.000000E+00  1.006963E+02  0.000000E+00  1.013142E+00  1.236436E+00
  1.024141E+02 -4.379215E+00 -6.801860E-01 -4.379215E+00  9.640388E+01
 -6.602507E-01 -6.801860E-01 -6.602507E-01  1.032708E+02  1.908490E+01
  0.000000E+00  0.000000E+00  0.000000E+00  1.908490E+01  0.000000E+00
  0.000000E+00  0.000000E+00  1.908490E+01  4.426795E+02
      1400  1.400000E+00        49
 -1.143167E+04  3.000000E+02 -1.145676E+04  5.823968E+02 -1.203915E+04
  0.000000E+00  0.000000E+00  0.000000E+00  0.000000E+00 -1.099869E+04
  0.000000E+00 -1.208831E+03 -1.324623E+04  1.203740E+04  0.000000E+00
  0.000000E+00  0.000000E+00  0.000000E+00  6.937296E+03  0.000000E+00
  0.000000E+00  0.000000E+00  9.000000E+01  9.000000E+01  9.000000E+01
  0.000000E+00  9.565591E+01  0.000000E+00  1.058660E+00  1.287725E+00
  1.004869E+02 -2.305114E+00  6.709339E-01 -2.305114E+00  9.169206E+01
 -2.180075E+00  6.709339E-01 -2.180075E+00  9.478872E+01  1.907202E+01
  0.000000E+00  0.000000E+00  0.000000E+00  1.907202E+01  0.000000E+00
  0.000000E+00  0.000000E+00  1.907202E+01  4.196701E+02
      1500  1.500000E+00        49
 -1.143142E+04  3.000000E+02 -1.145651E+04  5.832185E+02 -1.203973E+04
  0.000000E+00  0.000000E+00  0.000000E+00  0.000000E+00 -1.100143E+04
  0.000000E+00 -1.240806E+03 -1.327883E+04  1.203802E+04  0.000000E+00
  0.000000E+00  0.000000E+00  0.000000E+00  6.889430E+03  0.000000E+00
  0.000000E+00  0.000000E+00  9.000000E+01  9.000000E+01  9.000000E+01
  0.000000E+00  9.876674E+01  0.000000E+00  1.096413E+00  1.338333E+00
  1.068017E+02 -1.452812E+00  6.966564E+00 -1.452812E+00  9.851771E+01
 -6.250380E+00  6.966564E+00 -6.250380E+00  9.098082E+01  1.902806E+01
  0.000000E+00  0.000000E+00  0.000000E+00  1.902806E+01  0.000000E+00
  0.000000E+00  0.000000E+00  1.902806E+01  4.303284E+02
      1600  1.600000E+00        49
 -1.142934E+04  3.000000E+02 -1.145443E+04  5.829441E+02 -1.203737E+04
  0.000000E+00  0.000000E+00  0.000000E+00  0.000000E+00 -1.100031E+04
  0.000000E+00 -1.238953E+03 -1.327459E+04  1.203564E+04  0.000000E+00
  0.000000E+00  0.000000E+00  0.000000E+00  6.873914E+03  0.000000E+00
  0.000000E+00  0.000000E+00  9.000000E+01  9.000000E+01  9.000000E+01
  0.000000E+00  9.884754E+01  0.000000E+00  1.087321E+00  1.307858E+00
  1.040954E+02 -3.880577E+00  1.706457E+00 -3.880577E+00  9.027247E+01
 -4.509733E+00  1.706457E+00 -4.509733E+00  1.021748E+02  1.901376E+01
  0.000000E+00  0.000000E+00  0.000000E+00  1.901376E+01  0.000000E+00
  0.000000E+00  0.000000E+00  1.901376E+01  4.297105E+02
      1700  1.700000E+00        49
 -1.143082E+04  3.000000E+02 -1.145591E+04  5.851564E+02 -1.204106E+04
  0.000000E+00  0.000000E+00  0.000000E+00  0.000000E+00 -1.100198E+04
  0.000000E+00 -1.254817E+03 -1.329411E+04  1.203930E+04  0.000000E+00
  0.000000E+00  0.000000E+00  0.000000E+00  6.870924E+03  0.000000E+00
  0.000000E+00  0.000000E+00  9.000000E+01  9.000000E+01  9.000000E+01
  0.000000E+00  1.001075E+02  0.000000E+00  1.146690E+00  1.363381E+00
  1.091286E+02 -5.981116E+00 -8.859750E-01 -5.981116E+00  9.403548E+01
 -7.704845E+00 -8.859750E-01 -7.704845E+00  9.715845E+01  1.901100E+01
  0.000000E+00  0.000000E+00  0.000000E+00  1.901100E+01  0.000000E+00
  0.000000E+00  0.000000E+00  1.901100E+01  4.349986E+02
      1800  1.800000E+00        49
 -1.143245E+04  3.000000E+02 -1.145754E+04  5.762871E+02 -1.203382E+04
  0.000000E+00  0.000000E+00  0.000000E+00  0.000000E+00 -1.100545E+04
  0.000000E+00 -1.208122E+03 -1.324004E+04  1.203192E+04  0.000000E+00
  0.000000E+00  0.000000E+00  0.000000E+00  6.841401E+03  0.000000E+00
  0.000000E+00  0.000000E+00  9.000000E+01  9.000000E+01  9.000000E+01
  0.000000E+00  9.694202E+01  0.000000E+00  1.224826E+00  1.466041E+00
  1.045461E+02 -3.042002E+00  1.142430E+00 -3.042002E+00  9.030756E+01
 -1.090789E+01  1.142430E+00 -1.090789E+01  9.597241E+01  1.898374E+01
  0.000000E+00  0.000000E+00  0.000000E+00  1.898374E+01  0.000000E+00
  0.000000E+00  0.000000E+00  1.898374E+01  4.194335E+02
      1900  1.900000E+00        49
 -1.143322E+04  3.000000E+02 -1.145831E+04  5.710709E+02 -1.202938E+04
  0.000000E+00  0.000000E+00  0.000000E+00  0.000000E+00 -1.100971E+04
  0.000000E+00 -1.205233E+03 -1.323277E+04  1.202754E+04  0.000000E+00
  0.000000E+00  0.000000E+00  0.000000E+00  6.785571E+03  0.000000E+00
  0.000000E+00  0.000000E+00  9.000000E+01  9.000000E+01  9.000000E+01
  0.000000E+00  9.751526E+01  0.000000E+00  1.295390E+00  1.553900E+00
  9.523269E+01 -3.954401E+00 -3.711168E+00 -3.954401E+00  9.429651E+01
 -1.035348E+01 -3.711168E+00 -1.035348E+01  1.030166E+02  1.893195E+01
  0.000000E+00  0.000000E+00  0.000000E+00  1.893195E+01  0.000000E+00
  0.000000E+00  0.000000E+00  1.893195E+01  4.184706E+02
      2000  2.000000E+00        49
 -1.143484E+04  3.000000E+02 -1.145993E+04  5.703578E+02 -1.203029E+04
  0.000000E+00  0.000000E+00  0.000000E+00  0.000000E+00 -1.101260E+04
  0.000000E+00 -1.207726E+03 -1.323646E+04  1.202873E+04  0.000000E+00
  0.000000E+00  0.000000E+00  0.000000E+00  6.765146E+03  0.000000E+00
  0.000000E+00  0.000000E+00  9.000000E+01  9.000000E+01  9.000000E+01
  0.000000E+00  9.800388E+01  0.000000E+00  1.329240E+00  1.597582E+00
  1.009218E+02 -7.379429E+00 -4.094826E+00 -7.379429E+00  9.392466E+01
 -5.838478E+00 -4.094826E+00 -5.838478E+00  9.916516E+01  1.891294E+01
  0.000000E+00  0.000000E+00  0.000000E+00  1.891294E+01  0.000000E+00
  0.000000E+00  0.000000E+00  1.891294E+01  4.193015E+02
      2100  2.100000E+00        49
 -1.143308E+04  2.899235E+02 -1.145733E+04  5.674725E+02 -1.202480E+04
  0.000000E+00  0.000000E+00  0.000000E+00  0.000000E+00 -1.101269E+04
  0.000000E+00 -1.201229E+03 -1.322445E+04  1.202322E+04  0.000000E+00
  0.000000E+00  0.000000E+00  0.000000E+00  6.735632E+03  0.000000E+00
  0.000000E+00  0.000000E+00  9.000000E+01  9.000000E+01  9.000000E+01
  0.000000E+00  9.779301E+01  0.000000E+00  6.534477E-02  8.727631E-02
  1.023153E+02 -5.029427E+00 -3.793993E+00 -5.029427E+00  9.237293E+01
 -8.812461E+00 -3.793993E+00 -8.812461E+00  9.869078E+01  1.888540E+01
  0.000000E+00  0.000000E+00  0.000000E+00  1.888540E+01  0.000000E+00
  0.000000E+00  0.000000E+00  1.888540E+01  4.165741E+02
      2200  2.200000E+00        49
 -1.143403E+04  3.011509E+02 -1.145921E+04  5.759162E+02 -1.203513E+04
  0.000000E+00  0.000000E+00  0.000000E+00  0.000000E+00 -1.101263E+04
  0.000000E+00 -1.245938E+03 -1.327946E+04  1.203352E+04  0.000000E+00
  0.000000E+00  0.000000E+00  0.000000E+00  6.751716E+03  0.000000E+00
  0.000000E+00  0.000000E+00  9.000000E+01  9.000000E+01  9.000000E+01
  0.000000E+00  1.011969E+02  0.000000E+00  8.427979E-02  1.012738E-01
  1.014027E+02 -7.310450E+00 -1.023551E+01 -7.310450E+00  9.811836E+01
 -1.063961E+01 -1.023551E+01 -1.063961E+01  1.040698E+02  1.890042E+01
  0.000000E+00  0.000000E+00  0.000000E+00  1.890042E+01  0.000000E+00
  0.000000E+00  0.000000E+00  1.890042E+01  4.321032E+02
      2300  2.300000E+00        49
 -1.143469E+04  3.057667E+02 -1.146026E+04  5.685225E+02 -1.202879E+04
  0.000000E+00  0.000000E+00  0.000000E+00  0.000000E+00 -1.101273E+04
  0.000000E+00 -1.195776E+03 -1.322276E+04  1.202699E+04  0.000000E+00
  0.000000E+00  0.000000E+00  0.000000E+00  6.760795E+03  0.000000E+00
  0.000000E+00  0.000000E+00  9.000000E+01  9.000000E+01  9.000000E+01
  0.000000E+00  9.721053E+01  0.000000E+00  9.900848E-02  1.132563E-01
  1.006424E+02 -2.872333E+00 -3.367562E+00 -2.872333E+00  9.499093E+01
 -6.553589E+00 -3.367562E+00 -6.553589E+00  9.599827E+01  1.890888E+01
  0.000000E+00  0.000000E+00  0.000000E+00  1.890888E+01  0.000000E+00
  0.000000E+00  0.000000E+00  1.890888E+01  4.156398E+02
      2400  2.400000E+00        49
 -1.143390E+04  3.082971E+02 -1.145968E+04  5.713177E+02 -1.203100E+04
  0.000000E+00  0.000000E+00  0.000000E+00  0.000000E+00 -1.101289E+04
  0.000000E+00 -1.223873E+03 -1.325331E+04  1.202944E+04  0.000000E+00
  0.000000E+00  0.000000E+00  0.000000E+00  6.745403E+03  0.000000E+00
  0.000000E+00  0.000000E+00  9.000000E+01  9.000000E+01  9.000000E+01
  0.000000E+00  9.966093E+01  0.000000E+00  1.062235E-01  1.231751E-01
  1.007459E+02 -6.822418E+00 -1.129307E+01 -6.822418E+00  9.632416E+01
 -6.975586E+00 -1.129307E+01 -6.975586E+00  1.019127E+02  1.889452E+01
  0.000000E+00  0.000000E+00  0.000000E+00  1.889452E+01  0.000000E+00
  0.000000E+00  0.000000E+00  1.889452E+01  4.251467E+02
      2500  2.500000E+00        49
 -1.143319E+04  3.038172E+02 -1.145860E+04  5.689701E+02 -1.202757E+04
  0.000000E+00  0.000000E+00  0.000000E+00  0.000000E+00 -1.101302E+04
  0.000000E+00 -1.210617E+03 -1.323674E+04  1.202612E+04  0.000000E+00
  0.000000E+00  0.000000E+00  0.000000E+00  6.732028E+03  0.000000E+00
  0.000000E+00  0.000000E+00  9.000000E+01  9.000000E+01  9.000000E+01
  0.000000E+00  9.876236E+01  0.000000E+00  1.173449E-01  1.324324E-01
  9.716193E+01 -4.174301E+00 -3.217141E+00 -4.174301E+00  9.971162E+01
 -9.271591E+00 -3.217141E+00 -9.271591E+00  9.941353E+01  1.888203E+01
  0.000000E+00  0.000000E+00  0.000000E+00  1.888203E+01  0.000000E+00
  0.000000E+00  0.000000E+00  1.888203E+01  4.204782E+02
      2600  2.600000E+00        49
 -1.143127E+04  3.216341E+02 -1.145817E+04  5.610145E+02 -1.201918E+04
  0.000000E+00  0.000000E+00  0.000000E+00  0.000000E+00 -1.101330E+04
  0.000000E+00 -1.172934E+03 -1.319062E+04  1.201769E+04  0.000000E+00
  0.000000E+00  0.000000E+00  0.000000E+00  6.696705E+03  0.000000E+00
  0.000000E+00  0.000000E+00  9.000000E+01  9.000000E+01  9.000000E+01
  0.000000E+00  9.655198E+01  0.000000E+00  1.229706E-01  1.447251E-01
  1.002884E+02 -1.009606E+00 -5.864037E+00 -1.009606E+00  9.096004E+01
 -1.372892E+01 -5.864037E+00 -1.372892E+01  9.840748E+01  1.884895E+01
  0.000000E+00  0.000000E+00  0.000000E+00  1.884895E+01  0.000000E+00
  0.000000E+00  0.000000E+00  1.884895E+01  4.089106E+02
      2700  2.700000E+00        49
 -1.143203E+04  3.197269E+02 -1.145877E+04  5.605972E+02 -1.201937E+04
  0.000000E+00  0.000000E+00  0.000000E+00  0.000000E+00 -1.101360E+04
  0.000000E+00 -1.153750E+03 -1.317168E+04  1.201793E+04  0.000000E+00
  0.000000E+00  0.000000E+00  0.000000E+00  6.704169E+03  0.000000E+00
  0.000000E+00  0.000000E+00  9.000000E+01  9.000000E+01  9.000000E+01
  0.000000E+00  9.491119E+01  0.000000E+00  1.669249E-01  1.775165E-01
  9.164958E+01 -1.759617E+00 -3.744630E+00 -1.759617E+00  8.476270E+01
 -1.281142E+01 -3.744630E+00 -1.281142E+01  1.083213E+02  1.885595E+01
  0.000000E+00  0.000000E+00  0.000000E+00  1.885595E+01  0.000000E+00
  0.000000E+00  0.000000E+00  1.885595E+01  4.024097E+02
      2800  2.800000E+00        49
 -1.143244E+04  3.493244E+02 -1.146165E+04  5.690251E+02 -1.203068E+04
  0.000000E+00  0.000000E+00  0.000000E+00  0.000000E+00 -1.101398E+04
  0.000000E+00 -1.229582E+03 -1.325886E+04  1.202928E+04  0.000000E+00
  0.000000E+00  0.000000E+00  0.000000E+00  6.704569E+03  0.000000E+00
  0.000000E+00  0.000000E+00  9.000000E+01  9.000000E+01  9.000000E+01
  0.000000E+00  1.012562E+02  0.000000E+00  1.978761E-01  2.032025E-01
  1.017647E+02 -5.871776E+00  7.249849E+00 -5.871776E+00  9.458376E+01
 -5.910978E+00  7.249849E+00 -5.910978E+00  1.074201E+02  1.885632E+01
  0.000000E+00  0.000000E+00  0.000000E+00  1.885632E+01  0.000000E+00
  0.000000E+00  0.000000E+00  1.885632E+01  4.293372E+02
      2900  2.900000E+00        49
 -1.143344E+04  3.420845E+02 -1.146204E+04  5.656269E+02 -1.202767E+04
  0.000000E+00  0.000000E+00  0.000000E+00  0.000000E+00 -1.101448E+04
  0.000000E+00 -1.196343E+03 -1.322267E+04  1.202633E+04  0.000000E+00
  0.000000E+00  0.000000E+00  0.000000E+00  6.712533E+03  0.000000E+00
  0.000000E+00  0.000000E+00  9.000000E+01  9.000000E+01  9.000000E+01
  0.000000E+00  9.843097E+01  0.000000E+00  2.341173E-01  2.422953E-01
  1.000462E+02 -4.516249E+00 -1.540436E+00 -4.516249E+00  9.915150E+01
 -4.140920E+00 -1.540436E+00 -4.140920E+00  9.609517E+01  1.886378E+01
  0.000000E+00  0.000000E+00  0.000000E+00  1.886378E+01  0.000000E+00
  0.000000E+00  0.000000E+00  1.886378E+01  4.178537E+02
      3000  3.000000E+00        49
 -1.143347E+04  3.433107E+02 -1.146218E+04  5.607258E+02 -1.202290E+04
  0.000000E+00  0.000000E+00  0.000000E+00  0.000000E+00 -1.101481E+04
  0.000000E+00 -1.154433E+03 -1.317589E+04  1.202146E+04  0.000000E+00
  0.000000E+00  0.000000E+00  0.000000E+00  6.707841E+03  0.000000E+00
  0.000000E+00  0.000000E+00  9.000000E+01  9.000000E+01  9.000000E+01
  0.000000E+00  9.522285E+01  0.000000E+00  2.307987E-01  2.483130E-01
  9.653485E+01 -4.824960E+00  3.258378E+00 -4.824960E+00  8.797910E+01
 -9.320246E+00  3.258378E+00 -9.320246E+00  1.011546E+02  1.885939E+01
  0.000000E+00  0.000000E+00  0.000000E+00  1.885939E+01  0.000000E+00
  0.000000E+00  0.000000E+00  1.885939E+01  4.039522E+02
