DL_POLY : Silica glass                                                  
 ENERGY UNITS = electron Volts
         0  0.000000E+00        49
 -1.149735E+04  3.000000E+02 -1.152244E+04  5.641612E+02 -1.208660E+04
  0.000000E+00  0.000000E+00  0.000000E+00  0.000000E+00 -1.130735E+04
  0.000000E+00  6.461965E+00 -1.207878E+04  1.208524E+04  0.000000E+00
  0.000000E+00  0.000000E+00  0.000000E+00  1.014622E+04  0.000000E+00
  0.000000E+00  0.000000E+00  9.000000E+01  9.000000E+01  9.000000E+01
  0.000000E+00  2.271012E+00  0.000000E+00  0.000000E+00  0.000000E+00
 -4.160236E+00 -4.549108E-01 -5.552320E+00 -4.549108E-01  4.000315E+00
  1.699369E+00 -5.552320E+00  1.699369E+00  6.972958E+00  2.164885E+01
  0.000000E+00  0.000000E+00  0.000000E+00  2.164885E+01  0.000000E+00
  0.000000E+00  0.000000E+00  2.164885E+01  1.457236E+01
       100  1.000000E-01        49
 -1.149583E+04  3.000000E+02 -1.152092E+04  5.858527E+02 -1.210677E+04
  0.000000E+00  0.000000E+00  0.000000E+00  0.000000E+00 -1.131607E+04
  0.000000E+00 -2.912643E+02 -1.239647E+04  1.210521E+04  0.000000E+00
  0.000000E+00  0.000000E+00  0.000000E+00  9.599580E+03  0.000000E+00
  0.000000E+00  0.000000E+00  9.000000E+01  9.000000E+01  9.000000E+01
  0.000000E+00  1.874732E+01  0.000000E+00  3.983001E-02  7.344009E-02
  1.244367E+01 -6.095629E-01 -4.892118E+00 -6.095629E-01  2.111600E+01
 -1.093368E-01 -4.892118E+00 -1.093368E-01  2.268228E+01  2.125286E+01
  0.000000E+00  0.000000E+00  0.000000E+00  2.125286E+01  0.000000E+00
  0.000000E+00  0.000000E+00  2.125286E+01  1.138144E+02
       200  2.000000E-01        49
 -1.149315E+04  3.000000E+02 -1.151824E+04  5.816331E+02 -1.209987E+04
  0.000000E+00  0.000000E+00  0.000000E+00  0.000000E+00 -1.132044E+04
  0.000000E+00 -3.548006E+02 -1.245309E+04  1.209828E+04  0.000000E+00
  0.000000E+00  0.000000E+00  0.000000E+00  9.223028E+03  0.000000E+00
  0.000000E+00  0.000000E+00  9.000000E+01  9.000000E+01  9.000000E+01
  0.000000E+00  2.314368E+01  0.000000E+00  8.294591E-02  1.460790E-01
  1.749566E+01 -3.177356E+00 -4.453214E-01 -3.177356E+00  2.753130E+01
 -3.172882E+00 -4.453214E-01 -3.172882E+00  2.440406E+01  2.097126E+01
  0.000000E+00  0.000000E+00  0.000000E+00  2.097126E+01  0.000000E+00
  0.000000E+00  0.000000E+00  2.097126E+01  1.349932E+02
       300  3.000000E-01        49
 -1.149061E+04  3.000000E+02 -1.151570E+04  5.776022E+02 -1.209330E+04
  0.000000E+00  0.000000E+00  0.000000E+00  0.000000E+00 -1.132157E+04
  0.000000E+00 -3.801907E+02 -1.247204E+04  1.209185E+04  0.000000E+00
  0.000000E+00  0.000000E+00  0.000000E+00  9.026928E+03  0.000000E+00
  0.000000E+00  0.000000E+00  9.000000E+01  9.000000E+01  9.000000E+01
  0.000000E+00  2.512895E+01  0.000000E+00  1.201225E-01  1.974959E-01
  2.114278E+01 -4.692036E+00 -3.927544E+00 -4.692036E+00  2.360937E+01
 -7.881730E-01 -3.927544E+00 -7.881730E-01  3.063471E+01  2.082156E+01
  0.000000E+00  0.000000E+00  0.000000E+00  2.082156E+01  0.000000E+00
  0.000000E+00  0.000000E+00  2.082156E+01  1.434566E+02
       400  4.000000E-01        49
 -1.148605E+04  3.000000E+02 -1.151114E+04  5.863284E+02 -1.209747E+04
  0.000000E+00  0.000000E+00  0.000000E+00  0.000000E+00 -1.131884E+04
  0.000000E+00 -4.711254E+02 -1.256684E+04  1.209572E+04  0.000000E+00
  0.000000E+00  0.000000E+00  0.000000E+00  8.929595E+03  0.000000E+00
  0.000000E+00  0.000000E+00  9.000000E+01  9.000000E+01  9.000000E+01
  0.000000E+00  3.077035E+01  0.000000E+00  1.431294E-01  2.267330E-01
  2.767458E+01  9.482267E-01 -3.902340E+00  9.482267E-01  3.252952E+01
  2.166925E+00 -3.902340E+00  2.166925E+00  3.210695E+01  2.074646E+01
  0.000000E+00  0.000000E+00  0.000000E+00  2.074646E+01  0.000000E+00
  0.000000E+00  0.000000E+00  2.074646E+01  1.737682E+02
       500  5.000000E-01        49
 -1.148838E+04  3.000000E+02 -1.151347E+04  5.758885E+02 -1.208936E+04
  0.000000E+00  0.000000E+00  0.000000E+00  0.000000E+00 -1.132131E+04
  0.000000E+00 -4.016658E+02 -1.248937E+04  1.208770E+04  0.000000E+00
  0.000000E+00  0.000000E+00  0.000000E+00  8.922052E+03  0.000000E+00
  0.000000E+00  0.000000E+00  9.000000E+01  9.000000E+01  9.000000E+01
  0.000000E+00  2.669299E+01  0.000000E+00  1.513859E-01  2.463578E-01
  2.443796E+01  4.447768E-02  2.137980E+00  4.447768E-02  3.168932E+01
  1.959059E+00  2.137980E+00  1.959059E+00  2.395170E+01  2.074061E+01
  0.000000E+00  0.000000E+00  0.000000E+00  2.074061E+01  0.000000E+00
  0.000000E+00  0.000000E+00  2.074061E+01  1.506150E+02
       600  6.000000E-01        49
 -1.149003E+04  3.000000E+02 -1.151512E+04  5.800821E+02 -1.209520E+04
  0.000000E+00  0.000000E+00  0.000000E+00  0.000000E+00 -1.132281E+04
  0.000000E+00 -4.289344E+02 -1.252273E+04  1.209380E+04  0.000000E+00
  0.000000E+00  0.000000E+00  0.000000E+00  8.929533E+03  0.000000E+00
  0.000000E+00  0.000000E+00  9.000000E+01  9.000000E+01  9.000000E+01
  0.000000E+00  2.828019E+01  0.000000E+00  1.653213E-01  2.688029E-01
  2.426301E+01 -1.794611E+00  8.009317E-01 -1.794611E+00  3.152725E+01
 -1.689952E+00  8.009317E-01 -1.689952E+00  2.905031E+01  2.074641E+01
  0.000000E+00  0.000000E+00  0.000000E+00  2.074641E+01  0.000000E+00
  0.000000E+00  0.000000E+00  2.074641E+01  1.597045E+02
       700  7.000000E-01        49
 -1.148766E+04  3.000000E+02 -1.151275E+04  5.812267E+02 -1.209398E+04
  0.000000E+00  0.000000E+00  0.000000E+00  0.000000E+00 -1.132108E+04
  0.000000E+00 -4.430514E+02 -1.253535E+04  1.209229E+04  0.000000E+00
  0.000000E+00  0.000000E+00  0.000000E+00  8.895808E+03  0.000000E+00
  0.000000E+00  0.000000E+00  9.000000E+01  9.000000E+01  9.000000E+01
  0.000000E+00  2.922383E+01  0.000000E+00  1.865303E-01  3.013114E-01
  2.249179E+01  1.246393E+00 -3.353162E-01  1.246393E+00  3.509877E+01
  2.774049E-01 -3.353162E-01  2.774049E-01  3.008094E+01  2.072026E+01
  0.000000E+00  0.000000E+00  0.000000E+00  2.072026E+01  0.000000E+00
  0.000000E+00  0.000000E+00  2.072026E+01  1.644102E+02
       800  8.000000E-01        49
 -1.148785E+04  3.000000E+02 -1.151294E+04  5.770071E+02 -1.208995E+04
  0.000000E+00  0.000000E+00  0.000000E+00  0.000000E+00 -1.132110E+04
  0.000000E+00 -4.122178E+02 -1.250059E+04  1.208837E+04  0.000000E+00
  0.000000E+00  0.000000E+00  0.000000E+00  8.904553E+03  0.000000E+00
  0.000000E+00  0.000000E+00  9.000000E+01  9.000000E+01  9.000000E+01
  0.000000E+00  2.737004E+01  0.000000E+00  2.051521E-01  3.304454E-01
  2.139125E+01 -1.870104E+00  9.605078E-01 -1.870104E+00  3.021506E+01
  1.360897E+00  9.605078E-01  1.360897E+00  3.050382E+01  2.072704E+01
  0.000000E+00  0.000000E+00  0.000000E+00  2.072704E+01  0.000000E+00
  0.000000E+00  0.000000E+00  2.072704E+01  1.541323E+02
       900  9.000000E-01        49
 -1.148609E+04  3.000000E+02 -1.151118E+04  5.829000E+02 -1.209408E+04
  0.000000E+00  0.000000E+00  0.000000E+00  0.000000E+00 -1.131978E+04
  0.000000E+00 -4.682670E+02 -1.256081E+04  1.209254E+04  0.000000E+00
  0.000000E+00  0.000000E+00  0.000000E+00  8.880853E+03  0.000000E+00
  0.000000E+00  0.000000E+00  9.000000E+01  9.000000E+01  9.000000E+01
  0.000000E+00  3.076958E+01  0.000000E+00  2.048664E-01  3.308151E-01
  2.887141E+01 -2.141282E+00 -1.928246E+00 -2.141282E+00  3.224340E+01
  8.803599E-01 -1.928246E+00  8.803599E-01  3.119393E+01  2.070864E+01
  0.000000E+00  0.000000E+00  0.000000E+00  2.070864E+01  0.000000E+00
  0.000000E+00  0.000000E+00  2.070864E+01  1.728153E+02
      1000  1.000000E+00        49
 -1.148980E+04  3.000000E+02 -1.151489E+04  5.768112E+02 -1.209170E+04
  0.000000E+00  0.000000E+00  0.000000E+00  0.000000E+00 -1.132353E+04
  0.000000E+00 -4.270701E+02 -1.251746E+04  1.209039E+04  0.000000E+00
  0.000000E+00  0.000000E+00  0.000000E+00  8.879140E+03  0.000000E+00
  0.000000E+00  0.000000E+00  9.000000E+01  9.000000E+01  9.000000E+01
  0.000000E+00  2.833003E+01  0.000000E+00  1.883684E-01  3.054914E-01
  2.284597E+01 -2.002162E+00  9.503530E-01 -2.002162E+00  3.093867E+01
  3.379383E-03  9.503530E-01  3.379383E-03  3.120544E+01  2.070731E+01
  0.000000E+00  0.000000E+00  0.000000E+00  2.070731E+01  0.000000E+00
  0.000000E+00  0.000000E+00  2.070731E+01  1.590831E+02
      1100  1.100000E+00        49
 -1.148750E+04  3.000000E+02 -1.151259E+04  5.785132E+02 -1.209110E+04
  0.000000E+00  0.000000E+00  0.000000E+00  0.000000E+00 -1.132161E+04
  0.000000E+00 -4.376351E+02 -1.252716E+04  1.208953E+04  0.000000E+00
  0.000000E+00  0.000000E+00  0.000000E+00  8.858811E+03  0.000000E+00
  0.000000E+00  0.000000E+00  9.000000E+01  9.000000E+01  9.000000E+01
  0.000000E+00  2.902363E+01  0.000000E+00  1.847267E-01  2.954493E-01
  2.729188E+01  9.546780E-01  1.914367E+00  9.546780E-01  2.971193E+01
  1.320951E+00  1.914367E+00  1.320951E+00  3.006706E+01  2.069149E+01
  0.000000E+00  0.000000E+00  0.000000E+00  2.069149E+01  0.000000E+00
  0.000000E+00  0.000000E+00  2.069149E+01  1.626047E+02
      1200  1.200000E+00        49
 -1.148703E+04  3.000000E+02 -1.151212E+04  5.713262E+02 -1.208344E+04
  0.000000E+00  0.000000E+00  0.000000E+00  0.000000E+00 -1.132186E+04
  0.000000E+00 -4.117939E+02 -1.249366E+04  1.208187E+04  0.000000E+00
  0.000000E+00  0.000000E+00  0.000000E+00  8.820472E+03  0.000000E+00
  0.000000E+00  0.000000E+00  9.000000E+01  9.000000E+01  9.000000E+01
  0.000000E+00  2.760561E+01  0.000000E+00  1.834380E-01  2.923052E-01
  2.408780E+01  2.849500E-01 -1.438905E+00  2.849500E-01  2.962250E+01
 -8.885987E-01 -1.438905E+00 -8.885987E-01  2.910654E+01  2.066160E+01
  0.000000E+00  0.000000E+00  0.000000E+00  2.066160E+01  0.000000E+00
  0.000000E+00  0.000000E+00  2.066160E+01  1.539910E+02
      1300  1.300000E+00        49
 -1.148544E+04  3.000000E+02 -1.151053E+04  5.836747E+02 -1.209420E+04
  0.000000E+00  0.000000E+00  0.000000E+00  0.000000E+00 -1.131981E+04
  0.000000E+00 -4.759885E+02 -1.256858E+04  1.209259E+04  0.000000E+00
  0.000000E+00  0.000000E+00  0.000000E+00  8.844750E+03  0.000000E+00
  0.000000E+00  0.000000E+00  9.000000E+01  9.000000E+01  9.000000E+01
  0.000000E+00  3.135531E+01  0.000000E+00  1.742341E-01  2.863789E-01
  2.977599E+01 -6.844296E-01 -2.409026E+00 -6.844296E-01  3.566348E+01
 -9.603078E-01 -2.409026E+00 -9.603078E-01  2.862648E+01  2.068054E+01
  0.000000E+00  0.000000E+00  0.000000E+00  2.068054E+01  0.000000E+00
  0.000000E+00  0.000000E+00  2.068054E+01  1.753892E+02
      1400  1.400000E+00        49
 -1.148710E+04  3.000000E+02 -1.151218E+04  5.754742E+02 -1.208766E+04
  0.000000E+00  0.000000E+00  0.000000E+00  0.000000E+00 -1.132131E+04
  0.000000E+00 -4.190173E+02 -1.250494E+04  1.208593E+04  0.000000E+00
  0.000000E+00  0.000000E+00  0.000000E+00  8.853377E+03  0.000000E+00
  0.000000E+00  0.000000E+00  9.000000E+01  9.000000E+01  9.000000E+01
  0.000000E+00  2.793305E+01  0.000000E+00  1.813290E-01  2.798676E-01
  2.353859E+01  6.041574E-01 -1.824619E+00  6.041574E-01  3.435261E+01
  2.220577E+00 -1.824619E+00  2.220577E+00  2.590794E+01  2.068726E+01
  0.000000E+00  0.000000E+00  0.000000E+00  2.068726E+01  0.000000E+00
  0.000000E+00  0.000000E+00  2.068726E+01  1.563988E+02
      1500  1.500000E+00        49
 -1.148664E+04  3.000000E+02 -1.151173E+04  5.778584E+02 -1.208959E+04
  0.000000E+00  0.000000E+00  0.000000E+00  0.000000E+00 -1.132088E+04
  0.000000E+00 -4.365002E+02 -1.252443E+04  1.208793E+04  0.000000E+00
  0.000000E+00  0.000000E+00  0.000000E+00  8.851840E+03  0.000000E+00
  0.000000E+00  0.000000E+00  9.000000E+01  9.000000E+01  9.000000E+01
  0.000000E+00  2.897890E+01  0.000000E+00  1.896690E-01  3.044628E-01
  2.338849E+01 -2.345128E+00 -2.993421E+00 -2.345128E+00  3.501728E+01
  1.006607E+00 -2.993421E+00  1.006607E+00  2.853095E+01  2.068606E+01
  0.000000E+00  0.000000E+00  0.000000E+00  2.068606E+01  0.000000E+00
  0.000000E+00  0.000000E+00  2.068606E+01  1.622264E+02
      1600  1.600000E+00        49
 -1.148744E+04  3.000000E+02 -1.151253E+04  5.756553E+02 -1.208818E+04
  0.000000E+00  0.000000E+00  0.000000E+00  0.000000E+00 -1.132216E+04
  0.000000E+00 -4.337600E+02 -1.252043E+04  1.208667E+04  0.000000E+00
  0.000000E+00  0.000000E+00  0.000000E+00  8.826175E+03  0.000000E+00
  0.000000E+00  0.000000E+00  9.000000E+01  9.000000E+01  9.000000E+01
  0.000000E+00  2.889953E+01  0.000000E+00  1.966823E-01  3.257077E-01
  2.723403E+01  1.029643E+00  1.217331E+00  1.029643E+00  3.199921E+01
 -4.452861E-02  1.217331E+00 -4.452861E-02  2.746536E+01  2.066605E+01
  0.000000E+00  0.000000E+00  0.000000E+00  2.066605E+01  0.000000E+00
  0.000000E+00  0.000000E+00  2.066605E+01  1.613130E+02
      1700  1.700000E+00        49
 -1.148709E+04  3.000000E+02 -1.151218E+04  5.799353E+02 -1.209211E+04
  0.000000E+00  0.000000E+00  0.000000E+00  0.000000E+00 -1.132195E+04
  0.000000E+00 -4.611830E+02 -1.255166E+04  1.209048E+04  0.000000E+00
  0.000000E+00  0.000000E+00  0.000000E+00  8.818534E+03  0.000000E+00
  0.000000E+00  0.000000E+00  9.000000E+01  9.000000E+01  9.000000E+01
  0.000000E+00  3.056362E+01  0.000000E+00  2.173584E-01  3.517671E-01
  2.552772E+01 -3.743441E-01 -3.434266E+00 -3.743441E-01  3.158955E+01
  2.991103E+00 -3.434266E+00  2.991103E+00  3.457358E+01  2.066009E+01
  0.000000E+00  0.000000E+00  0.000000E+00  2.066009E+01  0.000000E+00
  0.000000E+00  0.000000E+00  2.066009E+01  1.704540E+02
      1800  1.800000E+00        49
 -1.148527E+04  3.000000E+02 -1.151036E+04  5.760956E+02 -1.208645E+04
  0.000000E+00  0.000000E+00  0.000000E+00  0.000000E+00 -1.132041E+04
  0.000000E+00 -4.364398E+02 -1.252131E+04  1.208487E+04  0.000000E+00
  0.000000E+00  0.000000E+00  0.000000E+00  8.803769E+03  0.000000E+00
  0.000000E+00  0.000000E+00  9.000000E+01  9.000000E+01  9.000000E+01
  0.000000E+00  2.913352E+01  0.000000E+00  2.385489E-01  3.747546E-01
  2.807557E+01 -6.216597E-01 -2.328118E+00 -6.216597E-01  2.783738E+01
  1.794800E+00 -2.328118E+00  1.794800E+00  3.148763E+01  2.064855E+01
  0.000000E+00  0.000000E+00  0.000000E+00  2.064855E+01  0.000000E+00
  0.000000E+00  0.000000E+00  2.064855E+01  1.622063E+02
      1900  1.900000E+00        49
 -1.148707E+04  3.000000E+02 -1.151216E+04  5.719641E+02 -1.208413E+04
  0.000000E+00  0.000000E+00  0.000000E+00  0.000000E+00 -1.132247E+04
  0.000000E+00 -4.122850E+02 -1.249473E+04  1.208244E+04  0.000000E+00
  0.000000E+00  0.000000E+00  0.000000E+00  8.790277E+03  0.000000E+00
  0.000000E+00  0.000000E+00  9.000000E+01  9.000000E+01  9.000000E+01
  0.000000E+00  2.772989E+01  0.000000E+00  2.398026E-01  3.791482E-01
  2.506972E+01 -3.122509E+00 -1.039615E+00 -3.122509E+00  3.267483E+01
 -4.349869E+00 -1.039615E+00 -4.349869E+00  2.544513E+01  2.063800E+01
  0.000000E+00  0.000000E+00  0.000000E+00  2.063800E+01  0.000000E+00
  0.000000E+00  0.000000E+00  2.063800E+01  1.541547E+02
      2000  2.000000E+00        49
 -1.148599E+04  3.000000E+02 -1.151108E+04  5.772444E+02 -1.208832E+04
  0.000000E+00  0.000000E+00  0.000000E+00  0.000000E+00 -1.132201E+04
  0.000000E+00 -4.568119E+02 -1.254366E+04  1.208685E+04  0.000000E+00
  0.000000E+00  0.000000E+00  0.000000E+00  8.756961E+03  0.000000E+00
  0.000000E+00  0.000000E+00  9.000000E+01  9.000000E+01  9.000000E+01
  0.000000E+00  3.051543E+01  0.000000E+00  2.421955E-01  3.766662E-01
  2.872398E+01 -2.219225E+00  1.090009E-01 -2.219225E+00  3.396337E+01
 -5.008154E+00  1.090009E-01 -5.008154E+00  2.885894E+01  2.061189E+01
  0.000000E+00  0.000000E+00  0.000000E+00  2.061189E+01  0.000000E+00
  0.000000E+00  0.000000E+00  2.061189E+01  1.689970E+02
      2100  2.100000E+00        49
 -1.148599E+04  3.004678E+02 -1.151112E+04  5.785713E+02 -1.208969E+04
  0.000000E+00  0.000000E+00  0.000000E+00  0.000000E+00 -1.132208E+04
  0.000000E+00 -4.748192E+02 -1.256298E+04  1.208816E+04  0.000000E+00
  0.000000E+00  0.000000E+00  0.000000E+00  8.753435E+03  0.000000E+00
  0.000000E+00  0.000000E+00  9.000000E+01  9.000000E+01  9.000000E+01
  0.000000E+00  3.161672E+01  0.000000E+00  4.139995E-02  6.019742E-02
  2.645316E+01 -1.822553E+00 -2.916044E+00 -1.822553E+00  3.579213E+01
  1.988287E-01 -2.916044E+00  1.988287E-01  3.260487E+01  2.060912E+01
  0.000000E+00  0.000000E+00  0.000000E+00  2.060912E+01  0.000000E+00
  0.000000E+00  0.000000E+00  2.060912E+01  1.750255E+02
      2200  2.200000E+00        49
 -1.148721E+04  3.025536E+02 -1.151251E+04  5.822705E+02 -1.209478E+04
  0.000000E+00  0.000000E+00  0.000000E+00  0.000000E+00 -1.132207E+04
  0.000000E+00 -4.789126E+02 -1.257231E+04  1.209339E+04  0.000000E+00
  0.000000E+00  0.000000E+00  0.000000E+00  8.818814E+03  0.000000E+00
  0.000000E+00  0.000000E+00  9.000000E+01  9.000000E+01  9.000000E+01
  0.000000E+00  3.164783E+01  0.000000E+00  7.938233E-02  1.156763E-01
  2.966326E+01 -1.381731E+00  7.350276E-01 -1.381731E+00  3.607443E+01
 -5.305213E+00  7.350276E-01 -5.305213E+00  2.920578E+01  2.066031E+01
  0.000000E+00  0.000000E+00  0.000000E+00  2.066031E+01  0.000000E+00
  0.000000E+00  0.000000E+00  2.066031E+01  1.765063E+02
      2300  2.300000E+00        49
 -1.148714E+04  3.136241E+02 -1.151337E+04  5.794623E+02 -1.209283E+04
  0.000000E+00  0.000000E+00  0.000000E+00  0.000000E+00 -1.132215E+04
  0.000000E+00 -4.598663E+02 -1.255128E+04  1.209142E+04  0.000000E+00
  0.000000E+00  0.000000E+00  0.000000E+00  8.811063E+03  0.000000E+00
  0.000000E+00  0.000000E+00  9.000000E+01  9.000000E+01  9.000000E+01
  0.000000E+00  3.064709E+01  0.000000E+00  9.880218E-02  1.423490E-01
  2.973198E+01 -6.105107E-01  7.397152E-01 -6.105107E-01  3.166408E+01
 -2.387227E+00  7.397152E-01 -2.387227E+00  3.054521E+01  2.065425E+01
  0.000000E+00  0.000000E+00  0.000000E+00  2.065425E+01  0.000000E+00
  0.000000E+00  0.000000E+00  2.065425E+01  1.707747E+02
      2400  2.400000E+00        49
 -1.148724E+04  2.866748E+02 -1.151121E+04  5.787166E+02 -1.208993E+04
  0.000000E+00  0.000000E+00  0.000000E+00  0.000000E+00 -1.132214E+04
  0.000000E+00 -4.567574E+02 -1.254507E+04  1.208831E+04  0.000000E+00
  0.000000E+00  0.000000E+00  0.000000E+00  8.816558E+03  0.000000E+00
  0.000000E+00  0.000000E+00  9.000000E+01  9.000000E+01  9.000000E+01
  0.000000E+00  3.017266E+01  0.000000E+00  1.198506E-01  1.756360E-01
  2.847414E+01 -4.794095E+00  7.228772E-01 -4.794095E+00  3.029913E+01
  9.310402E-01  7.228772E-01  9.310402E-01  3.174469E+01  2.065854E+01
  0.000000E+00  0.000000E+00  0.000000E+00  2.065854E+01  0.000000E+00
  0.000000E+00  0.000000E+00  2.065854E+01  1.682359E+02
      2500  2.500000E+00        49
 -1.148770E+04  3.013160E+02 -1.151290E+04  5.807860E+02 -1.209369E+04
  0.000000E+00  0.000000E+00  0.000000E+00  0.000000E+00 -1.132205E+04
  0.000000E+00 -4.645128E+02 -1.255656E+04  1.209205E+04  0.000000E+00
  0.000000E+00  0.000000E+00  0.000000E+00  8.846224E+03  0.000000E+00
  0.000000E+00  0.000000E+00  9.000000E+01  9.000000E+01  9.000000E+01
  0.000000E+00  3.067946E+01  0.000000E+00  1.286999E-01  1.936246E-01
  2.669901E+01  1.296058E+00  9.660696E-01  1.296058E+00  3.082085E+01
 -5.071379E+00  9.660696E-01 -5.071379E+00  3.451853E+01  2.068169E+01
  0.000000E+00  0.000000E+00  0.000000E+00  2.068169E+01  0.000000E+00
  0.000000E+00  0.000000E+00  2.068169E+01  1.716373E+02
      2600  2.600000E+00        49
 -1.148797E+04  3.008130E+02 -1.151313E+04  5.764546E+02 -1.208959E+04
  0.000000E+00  0.000000E+00  0.000000E+00  0.000000E+00 -1.132204E+04
  0.000000E+00 -4.182053E+02 -1.250649E+04  1.208829E+04  0.000000E+00
  0.000000E+00  0.000000E+00  0.000000E+00  8.861169E+03  0.000000E+00
  0.000000E+00  0.000000E+00  9.000000E+01  9.000000E+01  9.000000E+01
  0.000000E+00  2.786828E+01  0.000000E+00  1.352430E-01  1.993796E-01
  2.525854E+01 -3.320326E+00 -2.961544E-02 -3.320326E+00  3.007622E+01
 -5.265416E-01 -2.961544E-02 -5.265416E-01  2.827008E+01  2.069333E+01
  0.000000E+00  0.000000E+00  0.000000E+00  2.069333E+01  0.000000E+00
  0.000000E+00  0.000000E+00  2.069333E+01  1.561734E+02
      2700  2.700000E+00        49
 -1.148770E+04  2.983565E+02 -1.151266E+04  5.781867E+02 -1.209084E+04
  0.000000E+00  0.000000E+00  0.000000E+00  0.000000E+00 -1.132224E+04
  0.000000E+00 -4.480526E+02 -1.253774E+04  1.208968E+04  0.000000E+00
  0.000000E+00  0.000000E+00  0.000000E+00  8.836067E+03  0.000000E+00
  0.000000E+00  0.000000E+00  9.000000E+01  9.000000E+01  9.000000E+01
  0.000000E+00  2.970335E+01  0.000000E+00  1.386429E-01  2.012718E-01
  2.145114E+01  2.024344E+00 -3.174743E+00  2.024344E+00  3.452775E+01
 -5.685693E+00 -3.174743E+00 -5.685693E+00  3.313115E+01  2.067377E+01
  0.000000E+00  0.000000E+00  0.000000E+00  2.067377E+01  0.000000E+00
  0.000000E+00  0.000000E+00  2.067377E+01  1.659856E+02
      2800  2.800000E+00        49
 -1.148832E+04  3.014313E+02 -1.151353E+04  5.798997E+02 -1.209343E+04
  0.000000E+00  0.000000E+00  0.000000E+00  0.000000E+00 -1.132212E+04
  0.000000E+00 -4.478451E+02 -1.253974E+04  1.209190E+04  0.000000E+00
  0.000000E+00  0.000000E+00  0.000000E+00  8.875352E+03  0.000000E+00
  0.000000E+00  0.000000E+00  9.000000E+01  9.000000E+01  9.000000E+01
  0.000000E+00  2.959009E+01  0.000000E+00  1.297734E-01  1.908531E-01
  2.432384E+01  1.272882E+00 -7.914347E-01  1.272882E+00  3.374182E+01
 -1.417676E+00 -7.914347E-01 -1.417676E+00  3.070460E+01  2.070436E+01
  0.000000E+00  0.000000E+00  0.000000E+00  2.070436E+01  0.000000E+00
  0.000000E+00  0.000000E+00  2.070436E+01  1.660878E+02
      2900  2.900000E+00        49
 -1.148806E+04  2.893932E+02 -1.151226E+04  5.769871E+02 -1.208925E+04
  0.000000E+00  0.000000E+00  0.000000E+00  0.000000E+00 -1.132212E+04
  0.000000E+00 -4.258869E+02 -1.251321E+04  1.208732E+04  0.000000E+00
  0.000000E+00  0.000000E+00  0.000000E+00  8.861476E+03  0.000000E+00
  0.000000E+00  0.000000E+00  9.000000E+01  9.000000E+01  9.000000E+01
  0.000000E+00  2.821060E+01  0.000000E+00  1.280171E-01  1.889328E-01
  2.603679E+01 -1.675860E+00 -1.537206E+00 -1.675860E+00  3.043718E+01
  1.596087E+00 -1.537206E+00  1.596087E+00  2.815783E+01  2.069357E+01
  0.000000E+00  0.000000E+00  0.000000E+00  2.069357E+01  0.000000E+00
  0.000000E+00  0.000000E+00  2.069357E+01  1.580973E+02
      3000  3.000000E+00        49
 -1.148832E+04  2.833265E+02 -1.151202E+04  5.790153E+02 -1.209103E+04
  0.000000E+00  0.000000E+00  0.000000E+00  0.000000E+00 -1.132215E+04
  0.000000E+00 -4.351363E+02 -1.252473E+04  1.208960E+04  0.000000E+00
  0.000000E+00  0.000000E+00  0.000000E+00  8.873882E+03  0.000000E+00
  0.000000E+00  0.000000E+00  9.000000E+01  9.000000E+01  9.000000E+01
  0.000000E+00  2.866027E+01  0.000000E+00  1.259636E-01  1.714389E-01
  2.539515E+01  1.031076E+00  1.217681E+00  1.031076E+00  3.245063E+01
  4.264781E-01  1.217681E+00  4.264781E-01  2.813502E+01  2.070322E+01
  0.000000E+00  0.000000E+00  0.000000E+00  2.070322E+01  0.000000E+00
  0.000000E+00  0.000000E+00  2.070322E+01  1.608422E+02
