 Time  Volume
   0.0000000000000000        10146.219999999999     
  0.10000000000000001        10173.430000000000     
  0.20000000000000001        10179.430000000000     
  0.29999999999999999        10202.580000000000     
  0.40000000000000002        10170.340000000000     
  0.50000000000000000        10155.790000000001     
  0.59999999999999998        10131.990000000000     
  0.69999999999999996        10196.160000000000     
  0.80000000000000004        10177.840000000000     
  0.90000000000000002        10200.820000000000     
   1.0000000000000000        10222.010000000000     
   1.1000000000000001        10211.049999999999     
   1.2000000000000000        10234.629999999999     
   1.3000000000000000        10228.209999999999     
   1.3999999999999999        10187.020000000000     
   1.5000000000000000        10187.799999999999     
   1.6000000000000001        10229.309999999999     
   1.7000000000000000        10214.799999999999     
   1.8000000000000000        10222.160000000000     
   1.8999999999999999        10190.680000000000     
   2.0000000000000000        10220.209999999999     
   2.1000000000000001        10218.480000000000     
   2.2000000000000002        10214.090000000000     
   2.2999999999999998        10201.440000000001     
   2.3999999999999999        10209.680000000000     
   2.5000000000000000        10142.910000000000     
   2.6000000000000001        10195.370000000001     
   2.7000000000000002        10146.580000000000     
   2.7999999999999998        10167.809999999999     
   2.8999999999999999        10181.860000000001     
   3.0000000000000000        10152.129999999999     
