 Time  Volume
   0.0000000000000000        10146.219999999999     
  0.10000000000000001        8533.7729999999992     
  0.20000000000000001        7788.6009999999997     
  0.29999999999999999        7519.5140000000001     
  0.40000000000000002        7399.5550000000003     
  0.50000000000000000        7337.6040000000003     
  0.59999999999999998        7285.1610000000001     
  0.69999999999999996        7257.6880000000001     
  0.80000000000000004        7172.4200000000001     
  0.90000000000000002        7099.0110000000004     
   1.0000000000000000        7044.6890000000003     
   1.1000000000000001        6982.6760000000004     
   1.2000000000000000        6981.3289999999997     
   1.3000000000000000        6951.3630000000003     
   1.3999999999999999        6937.2960000000003     
   1.5000000000000000        6889.4300000000003     
   1.6000000000000001        6873.9139999999998     
   1.7000000000000000        6870.9240000000000     
   1.8000000000000000        6841.4009999999998     
   1.8999999999999999        6785.5709999999999     
   2.0000000000000000        6765.1459999999997     
   2.1000000000000001        6735.6319999999996     
   2.2000000000000002        6751.7160000000003     
   2.2999999999999998        6760.7950000000001     
   2.3999999999999999        6745.4030000000002     
   2.5000000000000000        6732.0280000000002     
   2.6000000000000001        6696.7049999999999     
   2.7000000000000002        6704.1689999999999     
   2.7999999999999998        6704.5690000000004     
   2.8999999999999999        6712.5330000000004     
   3.0000000000000000        6707.8410000000003     
