nacl                                                                    
 ENERGY UNITS = electron Volts
         0  0.000000E+00        49
 -1.918790E+03  1.000000E+01 -1.919451E+03  2.462633E+02 -2.165714E+03
  0.000000E+00  0.000000E+00  0.000000E+00  0.000000E+00 -1.918790E+03
  0.000000E+00 -1.179132E+02 -2.266490E+03  2.148577E+03  0.000000E+00
  0.000000E+00  0.000000E+00  0.000000E+00  1.123942E+04  0.000000E+00
  0.000000E+00  0.000000E+00  9.000000E+01  9.000000E+01  9.000000E+01
  0.000000E+00  5.591516E+00  0.000000E+00  0.000000E+00  0.000000E+00
  5.593145E+00 -1.105992E-03  8.350832E-04 -1.105992E-03  5.590126E+00
  2.211742E-03  8.350832E-04  2.211742E-03  5.591278E+00  2.240000E+01
  0.000000E+00  0.000000E+00  0.000000E+00  2.240000E+01  0.000000E+00
  0.000000E+00  0.000000E+00  2.240000E+01  3.974474E+01
       100  1.000000E-01        49
 -1.924725E+03  1.000000E+01 -1.925385E+03  2.354617E+02 -2.160847E+03
  0.000000E+00  0.000000E+00  0.000000E+00  0.000000E+00 -1.924725E+03
  0.000000E+00 -2.172111E+01 -2.170466E+03  2.148745E+03  0.000000E+00
  0.000000E+00  0.000000E+00  0.000000E+00  1.133415E+04  0.000000E+00
  0.000000E+00  0.000000E+00  9.000000E+01  9.000000E+01  9.000000E+01
  0.000000E+00  1.071536E+00  0.000000E+00  6.236672E-03  1.249404E-03
  1.147846E+00  1.200138E-01 -2.443823E-01  1.200138E-01  9.948792E-01
  1.086408E-01 -2.443823E-01  1.086408E-01  1.071883E+00  2.246275E+01
  0.000000E+00  0.000000E+00  0.000000E+00  2.246275E+01  0.000000E+00
  0.000000E+00  0.000000E+00  2.246275E+01  7.680718E+00
       200  2.000000E-01        49
 -1.923724E+03  1.000000E+01 -1.924385E+03  2.331917E+02 -2.157577E+03
  0.000000E+00  0.000000E+00  0.000000E+00  0.000000E+00 -1.923724E+03
  0.000000E+00 -1.142351E+01 -2.154464E+03  2.143041E+03  0.000000E+00
  0.000000E+00  0.000000E+00  0.000000E+00  1.137403E+04  0.000000E+00
  0.000000E+00  0.000000E+00  9.000000E+01  9.000000E+01  9.000000E+01
  0.000000E+00  5.905858E-01  0.000000E+00  1.440951E-03  6.457502E-04
  4.152662E-01  1.820371E-01 -5.084332E-02  1.820371E-01  7.253778E-01
  4.466038E-01 -5.084332E-02  4.466038E-01  6.311135E-01  2.248907E+01
  0.000000E+00  0.000000E+00  0.000000E+00  2.248907E+01  0.000000E+00
  0.000000E+00  0.000000E+00  2.248907E+01  4.248185E+00
       300  3.000000E-01        49
 -1.924925E+03  1.000000E+01 -1.925585E+03  2.322421E+02 -2.157827E+03
  0.000000E+00  0.000000E+00  0.000000E+00  0.000000E+00 -1.924925E+03
  0.000000E+00  5.793270E-01 -2.144789E+03  2.145368E+03  0.000000E+00
  0.000000E+00  0.000000E+00  0.000000E+00  1.137879E+04  0.000000E+00
  0.000000E+00  0.000000E+00  9.000000E+01  9.000000E+01  9.000000E+01
  0.000000E+00  3.435702E-02  0.000000E+00  4.004495E-03  7.209447E-04
  2.008759E-01  3.976132E-02 -1.134993E-01  3.976132E-02  2.148436E-02
 -1.888046E-01 -1.134993E-01 -1.888046E-01 -1.192892E-01  2.249221E+01
  0.000000E+00  0.000000E+00  0.000000E+00  2.249221E+01  0.000000E+00
  0.000000E+00  0.000000E+00  2.249221E+01  2.472394E-01
       400  4.000000E-01        49
 -1.925234E+03  1.000000E+01 -1.925894E+03  2.320595E+02 -2.157954E+03
  0.000000E+00  0.000000E+00  0.000000E+00  0.000000E+00 -1.925234E+03
  0.000000E+00  1.509609E+00 -2.143497E+03  2.145007E+03  0.000000E+00
  0.000000E+00  0.000000E+00  0.000000E+00  1.137237E+04  0.000000E+00
  0.000000E+00  0.000000E+00  9.000000E+01  9.000000E+01  9.000000E+01
  0.000000E+00 -8.739369E-03  0.000000E+00  2.816161E-03  7.934078E-04
  2.173319E-01  7.736700E-02  4.520285E-02  7.736700E-02 -7.093514E-02
 -1.814813E-03  4.520285E-02 -1.814813E-03 -1.726149E-01  2.248797E+01
  0.000000E+00  0.000000E+00  0.000000E+00  2.248797E+01  0.000000E+00
  0.000000E+00  0.000000E+00  2.248797E+01 -6.285460E-02
       500  5.000000E-01        49
 -1.924891E+03  1.000000E+01 -1.925552E+03  2.319377E+02 -2.157490E+03
  0.000000E+00  0.000000E+00  0.000000E+00  0.000000E+00 -1.924891E+03
  0.000000E+00  1.994584E+00 -2.142600E+03  2.144594E+03  0.000000E+00
  0.000000E+00  0.000000E+00  0.000000E+00  1.138075E+04  0.000000E+00
  0.000000E+00  0.000000E+00  9.000000E+01  9.000000E+01  9.000000E+01
  0.000000E+00 -3.119353E-02  0.000000E+00  3.185177E-03  7.129206E-04
  2.364231E-01 -7.036985E-02 -2.232132E-01 -7.036985E-02 -1.221803E-01
  8.564817E-02 -2.232132E-01  8.564817E-02 -2.078233E-01  2.249350E+01
  0.000000E+00  0.000000E+00  0.000000E+00  2.249350E+01  0.000000E+00
  0.000000E+00  0.000000E+00  2.249350E+01 -2.245131E-01
       600  6.000000E-01        49
 -1.924596E+03  1.000000E+01 -1.925256E+03  2.328556E+02 -2.158112E+03
  0.000000E+00  0.000000E+00  0.000000E+00  0.000000E+00 -1.924596E+03
  0.000000E+00 -5.369821E+00 -2.150432E+03  2.145062E+03  0.000000E+00
  0.000000E+00  0.000000E+00  0.000000E+00  1.137039E+04  0.000000E+00
  0.000000E+00  0.000000E+00  9.000000E+01  9.000000E+01  9.000000E+01
  0.000000E+00  3.101556E-01  0.000000E+00  3.188188E-03  7.152653E-04
  2.546802E-01 -1.539742E-01  7.847870E-02 -1.539742E-01  2.617831E-01
 -1.904070E-01  7.847870E-02 -1.904070E-01  4.140036E-01  2.248667E+01
  0.000000E+00  0.000000E+00  0.000000E+00  2.248667E+01  0.000000E+00
  0.000000E+00  0.000000E+00  2.248667E+01  2.230289E+00
       700  7.000000E-01        49
 -1.924391E+03  1.000000E+01 -1.925052E+03  2.324385E+02 -2.157490E+03
  0.000000E+00  0.000000E+00  0.000000E+00  0.000000E+00 -1.924391E+03
  0.000000E+00 -3.156320E+00 -2.147374E+03  2.144218E+03  0.000000E+00
  0.000000E+00  0.000000E+00  0.000000E+00  1.137941E+04  0.000000E+00
  0.000000E+00  0.000000E+00  9.000000E+01  9.000000E+01  9.000000E+01
  0.000000E+00  2.073841E-01  0.000000E+00  2.674660E-03  6.951013E-04
  1.996450E-01 -3.960706E-01  7.171462E-02 -3.960706E-01  1.658991E-01
  3.983820E-02  7.171462E-02  3.983820E-02  2.566081E-01  2.249262E+01
  0.000000E+00  0.000000E+00  0.000000E+00  2.249262E+01  0.000000E+00
  0.000000E+00  0.000000E+00  2.249262E+01  1.492455E+00
       800  8.000000E-01        49
 -1.925047E+03  1.000000E+01 -1.925707E+03  2.326660E+02 -2.158373E+03
  0.000000E+00  0.000000E+00  0.000000E+00  0.000000E+00 -1.925047E+03
  0.000000E+00 -2.765424E+00 -2.148284E+03  2.145519E+03  0.000000E+00
  0.000000E+00  0.000000E+00  0.000000E+00  1.136764E+04  0.000000E+00
  0.000000E+00  0.000000E+00  9.000000E+01  9.000000E+01  9.000000E+01
  0.000000E+00  1.894744E-01  0.000000E+00  3.367900E-03  8.724189E-04
  1.708258E-01 -1.099954E-03 -3.577097E-04 -1.099954E-03  4.233281E-01
 -1.444863E-01 -3.577097E-04 -1.444863E-01 -2.573075E-02  2.248486E+01
  0.000000E+00  0.000000E+00  0.000000E+00  2.248486E+01  0.000000E+00
  0.000000E+00  0.000000E+00  2.248486E+01  1.362156E+00
       900  9.000000E-01        49
 -1.925330E+03  1.000000E+01 -1.925991E+03  2.315923E+02 -2.157583E+03
  0.000000E+00  0.000000E+00  0.000000E+00  0.000000E+00 -1.925330E+03
  0.000000E+00  5.404361E+00 -2.139505E+03  2.144909E+03  0.000000E+00
  0.000000E+00  0.000000E+00  0.000000E+00  1.137889E+04  0.000000E+00
  0.000000E+00  0.000000E+00  9.000000E+01  9.000000E+01  9.000000E+01
  0.000000E+00 -1.891411E-01  0.000000E+00  2.770126E-03  7.000725E-04
 -3.564075E-01  2.711384E-01  1.487396E-01  2.711384E-01 -2.626124E-02
  2.851930E-01  1.487396E-01  2.851930E-01 -1.847545E-01  2.249227E+01
  0.000000E+00  0.000000E+00  0.000000E+00  2.249227E+01  0.000000E+00
  0.000000E+00  0.000000E+00  2.249227E+01 -1.361105E+00
      1000  1.000000E+00        49
 -1.924671E+03  1.000000E+01 -1.925331E+03  2.325240E+02 -2.157855E+03
  0.000000E+00  0.000000E+00  0.000000E+00  0.000000E+00 -1.924671E+03
  0.000000E+00 -2.895102E+00 -2.147710E+03  2.144814E+03  0.000000E+00
  0.000000E+00  0.000000E+00  0.000000E+00  1.137394E+04  0.000000E+00
  0.000000E+00  0.000000E+00  9.000000E+01  9.000000E+01  9.000000E+01
  0.000000E+00  1.953789E-01  0.000000E+00  2.987979E-03  6.828807E-04
  1.905145E-01  5.180959E-03 -5.477369E-02  5.180959E-03  4.600986E-01
  1.109203E-01 -5.477369E-02  1.109203E-01 -6.447638E-02  2.248901E+01
  0.000000E+00  0.000000E+00  0.000000E+00  2.248901E+01  0.000000E+00
  0.000000E+00  0.000000E+00  2.248901E+01  1.405383E+00
      1100  1.100000E+00        49
 -1.925307E+03  1.000000E+01 -1.925968E+03  2.318866E+02 -2.157854E+03
  0.000000E+00  0.000000E+00  0.000000E+00  0.000000E+00 -1.925307E+03
  0.000000E+00  2.822501E+00 -2.141938E+03  2.144761E+03  0.000000E+00
  0.000000E+00  0.000000E+00  0.000000E+00  1.137396E+04  0.000000E+00
  0.000000E+00  0.000000E+00  9.000000E+01  9.000000E+01  9.000000E+01
  0.000000E+00 -6.957825E-02  0.000000E+00  2.871522E-03  7.335198E-04
 -1.689497E-01 -1.083521E-01  1.397692E-01 -1.083521E-01 -1.140169E-01
 -1.350568E-02  1.397692E-01 -1.350568E-02  7.423183E-02  2.248902E+01
  0.000000E+00  0.000000E+00  0.000000E+00  2.248902E+01  0.000000E+00
  0.000000E+00  0.000000E+00  2.248902E+01 -5.004852E-01
      1200  1.200000E+00        49
 -1.924856E+03  1.000000E+01 -1.925517E+03  2.325424E+02 -2.158059E+03
  0.000000E+00  0.000000E+00  0.000000E+00  0.000000E+00 -1.924856E+03
  0.000000E+00 -2.392337E+00 -2.147600E+03  2.145208E+03  0.000000E+00
  0.000000E+00  0.000000E+00  0.000000E+00  1.137114E+04  0.000000E+00
  0.000000E+00  0.000000E+00  9.000000E+01  9.000000E+01  9.000000E+01
  0.000000E+00  1.721228E-01  0.000000E+00  3.120227E-03  7.805388E-04
  1.481144E-01 -1.366218E-01  3.565887E-01 -1.366218E-01  7.288031E-02
 -1.373937E-01  3.565887E-01 -1.373937E-01  2.953738E-01  2.248716E+01
  0.000000E+00  0.000000E+00  0.000000E+00  2.248716E+01  0.000000E+00
  0.000000E+00  0.000000E+00  2.248716E+01  1.237794E+00
      1300  1.300000E+00        49
 -1.925280E+03  1.000000E+01 -1.925941E+03  2.317834E+02 -2.157724E+03
  0.000000E+00  0.000000E+00  0.000000E+00  0.000000E+00 -1.925280E+03
  0.000000E+00  3.350045E+00 -2.141217E+03  2.144567E+03  0.000000E+00
  0.000000E+00  0.000000E+00  0.000000E+00  1.137545E+04  0.000000E+00
  0.000000E+00  0.000000E+00  9.000000E+01  9.000000E+01  9.000000E+01
  0.000000E+00 -9.401266E-02  0.000000E+00  2.437028E-03  7.463408E-04
 -1.820405E-01 -4.409497E-01  1.477342E-01 -4.409497E-01  1.664949E-02
 -1.491195E-01  1.477342E-01 -1.491195E-01 -1.166470E-01  2.249000E+01
  0.000000E+00  0.000000E+00  0.000000E+00  2.249000E+01  0.000000E+00
  0.000000E+00  0.000000E+00  2.249000E+01 -6.763333E-01
      1400  1.400000E+00        49
 -1.925816E+03  1.000000E+01 -1.926477E+03  2.316335E+02 -2.158110E+03
  0.000000E+00  0.000000E+00  0.000000E+00  0.000000E+00 -1.925816E+03
  0.000000E+00  6.636682E+00 -2.139141E+03  2.145777E+03  0.000000E+00
  0.000000E+00  0.000000E+00  0.000000E+00  1.137226E+04  0.000000E+00
  0.000000E+00  0.000000E+00  9.000000E+01  9.000000E+01  9.000000E+01
  0.000000E+00 -2.463662E-01  0.000000E+00  3.599952E-03  7.082014E-04
 -4.779574E-01 -1.863470E-01 -2.914737E-01 -1.863470E-01  1.720142E-01
 -2.943219E-01 -2.914737E-01 -2.943219E-01 -4.331554E-01  2.248790E+01
  0.000000E+00  0.000000E+00  0.000000E+00  2.248790E+01  0.000000E+00
  0.000000E+00  0.000000E+00  2.248790E+01 -1.771879E+00
      1500  1.500000E+00        49
 -1.924174E+03  1.000000E+01 -1.924834E+03  2.328535E+02 -2.157688E+03
  0.000000E+00  0.000000E+00  0.000000E+00  0.000000E+00 -1.924174E+03
  0.000000E+00 -6.727574E+00 -2.151082E+03  2.144355E+03  0.000000E+00
  0.000000E+00  0.000000E+00  0.000000E+00  1.137517E+04  0.000000E+00
  0.000000E+00  0.000000E+00  9.000000E+01  9.000000E+01  9.000000E+01
  0.000000E+00  3.729378E-01  0.000000E+00  2.079673E-03  6.876560E-04
  2.218024E-01 -3.351530E-02 -1.145447E-01 -3.351530E-02  6.241142E-01
 -4.334923E-01 -1.145447E-01 -4.334923E-01  2.728968E-01  2.248982E+01
  0.000000E+00  0.000000E+00  0.000000E+00  2.248982E+01  0.000000E+00
  0.000000E+00  0.000000E+00  2.248982E+01  2.682873E+00
      1600  1.600000E+00        49
 -1.925833E+03  1.000000E+01 -1.926493E+03  2.315531E+02 -2.158046E+03
  0.000000E+00  0.000000E+00  0.000000E+00  0.000000E+00 -1.925833E+03
  0.000000E+00  7.132597E+00 -2.138383E+03  2.145515E+03  0.000000E+00
  0.000000E+00  0.000000E+00  0.000000E+00  1.137347E+04  0.000000E+00
  0.000000E+00  0.000000E+00  9.000000E+01  9.000000E+01  9.000000E+01
  0.000000E+00 -2.693219E-01  0.000000E+00  3.771275E-03  6.905508E-04
 -3.660235E-01  2.870858E-01  2.073983E-01  2.870858E-01  5.425676E-02
  7.845255E-02  2.073983E-01  7.845255E-02 -4.961991E-01  2.248870E+01
  0.000000E+00  0.000000E+00  0.000000E+00  2.248870E+01  0.000000E+00
  0.000000E+00  0.000000E+00  2.248870E+01 -1.937184E+00
      1700  1.700000E+00        49
 -1.924230E+03  1.000000E+01 -1.924890E+03  2.325639E+02 -2.157454E+03
  0.000000E+00  0.000000E+00  0.000000E+00  0.000000E+00 -1.924230E+03
  0.000000E+00 -4.955487E+00 -2.148718E+03  2.143762E+03  0.000000E+00
  0.000000E+00  0.000000E+00  0.000000E+00  1.137773E+04  0.000000E+00
  0.000000E+00  0.000000E+00  9.000000E+01  9.000000E+01  9.000000E+01
  0.000000E+00  2.907615E-01  0.000000E+00  1.815340E-03  6.604075E-04
  3.183837E-01 -6.099470E-02  4.342656E-01 -6.099470E-02  3.381373E-02
 -1.105680E-01  4.342656E-01 -1.105680E-01  5.200872E-01  2.249150E+01
  0.000000E+00  0.000000E+00  0.000000E+00  2.249150E+01  0.000000E+00
  0.000000E+00  0.000000E+00  2.249150E+01  2.092178E+00
      1800  1.800000E+00        49
 -1.926303E+03  1.000000E+01 -1.926964E+03  2.310957E+02 -2.158060E+03
  0.000000E+00  0.000000E+00  0.000000E+00  0.000000E+00 -1.926303E+03
  0.000000E+00  1.168431E+01 -2.134210E+03  2.145895E+03  0.000000E+00
  0.000000E+00  0.000000E+00  0.000000E+00  1.137383E+04  0.000000E+00
  0.000000E+00  0.000000E+00  9.000000E+01  9.000000E+01  9.000000E+01
  0.000000E+00 -4.802449E-01  0.000000E+00  3.807968E-03  7.842130E-04
 -2.574185E-01 -4.326062E-01 -4.063144E-02 -4.326062E-01 -5.009610E-01
  1.068995E-01 -4.063144E-02  1.068995E-01 -6.823551E-01  2.248893E+01
  0.000000E+00  0.000000E+00  0.000000E+00  2.248893E+01  0.000000E+00
  0.000000E+00  0.000000E+00  2.248893E+01 -3.454422E+00
      1900  1.900000E+00        49
 -1.924089E+03  1.000000E+01 -1.924749E+03  2.330250E+02 -2.157774E+03
  0.000000E+00  0.000000E+00  0.000000E+00  0.000000E+00 -1.924089E+03
  0.000000E+00 -8.496869E+00 -2.152592E+03  2.144095E+03  0.000000E+00
  0.000000E+00  0.000000E+00  0.000000E+00  1.137278E+04  0.000000E+00
  0.000000E+00  0.000000E+00  9.000000E+01  9.000000E+01  9.000000E+01
  0.000000E+00  4.550147E-01  0.000000E+00  1.793780E-03  6.965433E-04
  4.006960E-01  4.563941E-02  2.260379E-01  4.563941E-02  5.255673E-01
 -2.921954E-01  2.260379E-01 -2.921954E-01  4.387807E-01  2.248824E+01
  0.000000E+00  0.000000E+00  0.000000E+00  2.248824E+01  0.000000E+00
  0.000000E+00  0.000000E+00  2.248824E+01  3.272638E+00
      2000  2.000000E+00        49
 -1.925788E+03  1.000000E+01 -1.926449E+03  2.314601E+02 -2.157909E+03
  0.000000E+00  0.000000E+00  0.000000E+00  0.000000E+00 -1.925788E+03
  0.000000E+00  7.772091E+00 -2.137849E+03  2.145621E+03  0.000000E+00
  0.000000E+00  0.000000E+00  0.000000E+00  1.137456E+04  0.000000E+00
  0.000000E+00  0.000000E+00  9.000000E+01  9.000000E+01  9.000000E+01
  0.000000E+00 -2.989290E-01  0.000000E+00  3.307767E-03  8.181540E-04
 -3.957238E-01 -4.053067E-01  2.920159E-01 -4.053067E-01 -1.573879E-01
  3.180485E-02  2.920159E-01  3.180485E-02 -3.436754E-01  2.248942E+01
  0.000000E+00  0.000000E+00  0.000000E+00  2.248942E+01  0.000000E+00
  0.000000E+00  0.000000E+00  2.248942E+01 -2.150349E+00
      2100  2.100000E+00        49
 -1.924495E+03  1.000000E+01 -1.925156E+03  2.328369E+02 -2.157993E+03
  0.000000E+00  0.000000E+00  0.000000E+00  0.000000E+00 -1.924495E+03
  0.000000E+00 -5.571153E+00 -2.150454E+03  2.144882E+03  0.000000E+00
  0.000000E+00  0.000000E+00  0.000000E+00  1.137157E+04  0.000000E+00
  0.000000E+00  0.000000E+00  9.000000E+01  9.000000E+01  9.000000E+01
  0.000000E+00  3.194552E-01  0.000000E+00  2.508318E-03  7.794015E-04
  1.363812E-01 -7.192628E-02  3.038473E-02 -7.192628E-02  4.195329E-01
  8.468119E-02  3.038473E-02  8.468119E-02  4.024515E-01  2.248745E+01
  0.000000E+00  0.000000E+00  0.000000E+00  2.248745E+01  0.000000E+00
  0.000000E+00  0.000000E+00  2.248745E+01  2.297399E+00
      2200  2.200000E+00        49
 -1.926010E+03  1.000000E+01 -1.926671E+03  2.310634E+02 -2.157734E+03
  0.000000E+00  0.000000E+00  0.000000E+00  0.000000E+00 -1.926010E+03
  0.000000E+00  1.053113E+01 -2.134453E+03  2.144984E+03  0.000000E+00
  0.000000E+00  0.000000E+00  0.000000E+00  1.137658E+04  0.000000E+00
  0.000000E+00  0.000000E+00  9.000000E+01  9.000000E+01  9.000000E+01
  0.000000E+00 -4.267019E-01  0.000000E+00  2.688316E-03  7.497130E-04
 -5.977412E-01 -2.811998E-01 -3.318433E-01 -2.811998E-01 -3.256708E-01
 -1.885041E-01 -3.318433E-01 -1.885041E-01 -3.566937E-01  2.249075E+01
  0.000000E+00  0.000000E+00  0.000000E+00  2.249075E+01  0.000000E+00
  0.000000E+00  0.000000E+00  2.249075E+01 -3.070028E+00
      2300  2.300000E+00        49
 -1.925542E+03  1.000000E+01 -1.926203E+03  2.317279E+02 -2.157931E+03
  0.000000E+00  0.000000E+00  0.000000E+00  0.000000E+00 -1.925542E+03
  0.000000E+00  4.614903E+00 -2.140371E+03  2.144985E+03  0.000000E+00
  0.000000E+00  0.000000E+00  0.000000E+00  1.137241E+04  0.000000E+00
  0.000000E+00  0.000000E+00  9.000000E+01  9.000000E+01  9.000000E+01
  0.000000E+00 -1.526600E-01  0.000000E+00  2.850898E-03  7.555160E-04
 -1.955568E-01 -2.471562E-01  3.573891E-02 -2.471562E-01 -6.738226E-02
  2.914856E-01  3.573891E-02  2.914856E-01 -1.950408E-01  2.248800E+01
  0.000000E+00  0.000000E+00  0.000000E+00  2.248800E+01  0.000000E+00
  0.000000E+00  0.000000E+00  2.248800E+01 -1.097953E+00
      2400  2.400000E+00        49
 -1.925391E+03  1.000000E+01 -1.926051E+03  2.315607E+02 -2.157612E+03
  0.000000E+00  0.000000E+00  0.000000E+00  0.000000E+00 -1.925391E+03
  0.000000E+00  5.619182E+00 -2.139244E+03  2.144863E+03  0.000000E+00
  0.000000E+00  0.000000E+00  0.000000E+00  1.137780E+04  0.000000E+00
  0.000000E+00  0.000000E+00  9.000000E+01  9.000000E+01  9.000000E+01
  0.000000E+00 -1.991107E-01  0.000000E+00  2.397020E-03  6.920368E-04
 -2.305350E-01  3.257757E-01 -6.547707E-02  3.257757E-01 -2.424947E-01
  1.865250E-01 -6.547707E-02  1.865250E-01 -1.243025E-01  2.249155E+01
  0.000000E+00  0.000000E+00  0.000000E+00  2.249155E+01  0.000000E+00
  0.000000E+00  0.000000E+00  2.249155E+01 -1.432712E+00
      2500  2.500000E+00        49
 -1.925992E+03  1.000000E+01 -1.926652E+03  2.313150E+02 -2.157967E+03
  0.000000E+00  0.000000E+00  0.000000E+00  0.000000E+00 -1.925992E+03
  0.000000E+00  8.787953E+00 -2.136532E+03  2.145320E+03  0.000000E+00
  0.000000E+00  0.000000E+00  0.000000E+00  1.137247E+04  0.000000E+00
  0.000000E+00  0.000000E+00  9.000000E+01  9.000000E+01  9.000000E+01
  0.000000E+00 -3.460659E-01  0.000000E+00  3.085947E-03  7.675335E-04
 -2.988543E-01 -1.409080E-01  9.804853E-02 -1.409080E-01 -2.042135E-01
 -9.628169E-02  9.804853E-02 -9.628169E-02 -5.351298E-01  2.248804E+01
  0.000000E+00  0.000000E+00  0.000000E+00  2.248804E+01  0.000000E+00
  0.000000E+00  0.000000E+00  2.248804E+01 -2.488969E+00
      2600  2.600000E+00        49
 -1.923734E+03  1.000000E+01 -1.924394E+03  2.330978E+02 -2.157492E+03
  0.000000E+00  0.000000E+00  0.000000E+00  0.000000E+00 -1.923734E+03
  0.000000E+00 -9.329413E+00 -2.153394E+03  2.144065E+03  0.000000E+00
  0.000000E+00  0.000000E+00  0.000000E+00  1.137828E+04  0.000000E+00
  0.000000E+00  0.000000E+00  9.000000E+01  9.000000E+01  9.000000E+01
  0.000000E+00  4.933603E-01  0.000000E+00  2.179523E-03  6.562026E-04
  4.697513E-01 -1.039356E-01  3.793731E-02 -1.039356E-01  6.145603E-01
 -3.933256E-02  3.793731E-02 -3.933256E-02  3.957695E-01  2.249187E+01
  0.000000E+00  0.000000E+00  0.000000E+00  2.249187E+01  0.000000E+00
  0.000000E+00  0.000000E+00  2.249187E+01  3.550153E+00
      2700  2.700000E+00        49
 -1.925372E+03  1.000000E+01 -1.926032E+03  2.319909E+02 -2.158023E+03
  0.000000E+00  0.000000E+00  0.000000E+00  0.000000E+00 -1.925372E+03
  0.000000E+00  2.700592E+00 -2.142630E+03  2.145331E+03  0.000000E+00
  0.000000E+00  0.000000E+00  0.000000E+00  1.137182E+04  0.000000E+00
  0.000000E+00  0.000000E+00  9.000000E+01  9.000000E+01  9.000000E+01
  0.000000E+00 -6.394098E-02  0.000000E+00  3.019012E-03  7.837832E-04
 -1.522420E-01  8.495420E-02  1.079536E-01  8.495420E-02 -1.800980E-01
  2.113210E-01  1.079536E-01  2.113210E-01  1.405170E-01  2.248761E+01
  0.000000E+00  0.000000E+00  0.000000E+00  2.248761E+01  0.000000E+00
  0.000000E+00  0.000000E+00  2.248761E+01 -4.598490E-01
      2800  2.800000E+00        49
 -1.924733E+03  1.000000E+01 -1.925394E+03  2.322160E+02 -2.157610E+03
  0.000000E+00  0.000000E+00  0.000000E+00  0.000000E+00 -1.924733E+03
  0.000000E+00 -7.410708E-01 -2.145208E+03  2.144467E+03  0.000000E+00
  0.000000E+00  0.000000E+00  0.000000E+00  1.137665E+04  0.000000E+00
  0.000000E+00  0.000000E+00  9.000000E+01  9.000000E+01  9.000000E+01
  0.000000E+00  9.553695E-02  0.000000E+00  2.407879E-03  7.188911E-04
  1.142292E-01  1.361129E-01 -3.587966E-02  1.361129E-01 -5.508376E-03
 -2.893974E-01 -3.587966E-02 -2.893974E-01  1.778900E-01  2.249080E+01
  0.000000E+00  0.000000E+00  0.000000E+00  2.249080E+01  0.000000E+00
  0.000000E+00  0.000000E+00  2.249080E+01  6.873720E-01
      2900  2.900000E+00        49
 -1.926354E+03  1.000000E+01 -1.927015E+03  2.307040E+02 -2.157719E+03
  0.000000E+00  0.000000E+00  0.000000E+00  0.000000E+00 -1.926354E+03
  0.000000E+00  1.382963E+01 -2.131197E+03  2.145027E+03  0.000000E+00
  0.000000E+00  0.000000E+00  0.000000E+00  1.137683E+04  0.000000E+00
  0.000000E+00  0.000000E+00  9.000000E+01  9.000000E+01  9.000000E+01
  0.000000E+00 -5.795083E-01  0.000000E+00  2.913097E-03  7.205267E-04
 -5.151353E-01 -2.841741E-01  1.060486E-01 -2.841741E-01 -7.565832E-01
  3.263655E-01  1.060486E-01  3.263655E-01 -4.668065E-01  2.249091E+01
  0.000000E+00  0.000000E+00  0.000000E+00  2.249091E+01  0.000000E+00
  0.000000E+00  0.000000E+00  2.249091E+01 -4.169527E+00
      3000  3.000000E+00        49
 -1.924914E+03  1.000000E+01 -1.925575E+03  2.321504E+02 -2.157725E+03
  0.000000E+00  0.000000E+00  0.000000E+00  0.000000E+00 -1.924914E+03
  0.000000E+00  4.598262E-02 -2.144584E+03  2.144630E+03  0.000000E+00
  0.000000E+00  0.000000E+00  0.000000E+00  1.137564E+04  0.000000E+00
  0.000000E+00  0.000000E+00  9.000000E+01  9.000000E+01  9.000000E+01
  0.000000E+00  5.907835E-02  0.000000E+00  2.378371E-03  6.362881E-04
 -1.257124E-02  1.847633E-01  7.120390E-02  1.847633E-01 -2.595653E-01
 -7.036800E-02  7.120390E-02 -7.036800E-02  4.493716E-01  2.249013E+01
  0.000000E+00  0.000000E+00  0.000000E+00  2.249013E+01  0.000000E+00
  0.000000E+00  0.000000E+00  2.249013E+01  4.250209E-01
      3100  3.100000E+00        49
 -1.926123E+03  1.000000E+01 -1.926783E+03  2.311313E+02 -2.157915E+03
  0.000000E+00  0.000000E+00  0.000000E+00  0.000000E+00 -1.926123E+03
  0.000000E+00  1.051498E+01 -2.134891E+03  2.145406E+03  0.000000E+00
  0.000000E+00  0.000000E+00  0.000000E+00  1.137385E+04  0.000000E+00
  0.000000E+00  0.000000E+00  9.000000E+01  9.000000E+01  9.000000E+01
  0.000000E+00 -4.260556E-01  0.000000E+00  3.109829E-03  7.245488E-04
 -6.145760E-01  1.100364E-01 -8.249844E-03  1.100364E-01 -3.626008E-01
  1.176310E-01 -8.249844E-03  1.176310E-01 -3.009901E-01  2.248895E+01
  0.000000E+00  0.000000E+00  0.000000E+00  2.248895E+01  0.000000E+00
  0.000000E+00  0.000000E+00  2.248895E+01 -3.064643E+00
      3200  3.200000E+00        49
 -1.924516E+03  1.000000E+01 -1.925177E+03  2.324860E+02 -2.157663E+03
  0.000000E+00  0.000000E+00  0.000000E+00  0.000000E+00 -1.924516E+03
  0.000000E+00 -3.022448E+00 -2.147615E+03  2.144593E+03  0.000000E+00
  0.000000E+00  0.000000E+00  0.000000E+00  1.137622E+04  0.000000E+00
  0.000000E+00  0.000000E+00  9.000000E+01  9.000000E+01  9.000000E+01
  0.000000E+00  2.012398E-01  0.000000E+00  2.424539E-03  6.456817E-04
  1.812959E-01 -4.085740E-01  6.472467E-02 -4.085740E-01  2.646734E-01
 -2.871121E-01  6.472467E-02 -2.871121E-01  1.577502E-01  2.249051E+01
  0.000000E+00  0.000000E+00  0.000000E+00  2.249051E+01  0.000000E+00
  0.000000E+00  0.000000E+00  2.249051E+01  1.447831E+00
      3300  3.300000E+00        49
 -1.924787E+03  1.000000E+01 -1.925447E+03  2.321474E+02 -2.157595E+03
  0.000000E+00  0.000000E+00  0.000000E+00  0.000000E+00 -1.924787E+03
  0.000000E+00  1.303101E-01 -2.144504E+03  2.144634E+03  0.000000E+00
  0.000000E+00  0.000000E+00  0.000000E+00  1.137826E+04  0.000000E+00
  0.000000E+00  0.000000E+00  9.000000E+01  9.000000E+01  9.000000E+01
  0.000000E+00  5.515847E-02  0.000000E+00  2.857979E-03  7.013747E-04
  1.840680E-01  2.263468E-01  6.657222E-02  2.263468E-01 -9.476160E-02
 -5.930666E-03  6.657222E-02 -5.930666E-03  7.616902E-02  2.249185E+01
  0.000000E+00  0.000000E+00  0.000000E+00  2.249185E+01  0.000000E+00
  0.000000E+00  0.000000E+00  2.249185E+01  3.969117E-01
      3400  3.400000E+00        49
 -1.924887E+03  1.000000E+01 -1.925547E+03  2.323775E+02 -2.157925E+03
  0.000000E+00  0.000000E+00  0.000000E+00  0.000000E+00 -1.924887E+03
  0.000000E+00 -1.287323E+00 -2.146335E+03  2.145047E+03  0.000000E+00
  0.000000E+00  0.000000E+00  0.000000E+00  1.137248E+04  0.000000E+00
  0.000000E+00  0.000000E+00  9.000000E+01  9.000000E+01  9.000000E+01
  0.000000E+00  1.208889E-01  0.000000E+00  2.452136E-03  7.524911E-04
 -1.945927E-01  1.825454E-01 -3.633782E-02  1.825454E-01  3.555868E-01
  6.189532E-03 -3.633782E-02  6.189532E-03  2.016728E-01  2.248804E+01
  0.000000E+00  0.000000E+00  0.000000E+00  2.248804E+01  0.000000E+00
  0.000000E+00  0.000000E+00  2.248804E+01  8.694560E-01
      3500  3.500000E+00        49
 -1.925350E+03  1.000000E+01 -1.926010E+03  2.315692E+02 -2.157579E+03
  0.000000E+00  0.000000E+00  0.000000E+00  0.000000E+00 -1.925350E+03
  0.000000E+00  5.473910E+00 -2.139303E+03  2.144777E+03  0.000000E+00
  0.000000E+00  0.000000E+00  0.000000E+00  1.137776E+04  0.000000E+00
  0.000000E+00  0.000000E+00  9.000000E+01  9.000000E+01  9.000000E+01
  0.000000E+00 -1.923817E-01  0.000000E+00  2.615129E-03  6.778612E-04
 -9.013829E-02 -1.093069E-03 -1.793848E-01 -1.093069E-03 -2.697609E-01
  1.862180E-01 -1.793848E-01  1.862180E-01 -2.172458E-01  2.249153E+01
  0.000000E+00  0.000000E+00  0.000000E+00  2.249153E+01  0.000000E+00
  0.000000E+00  0.000000E+00  2.249153E+01 -1.384288E+00
      3600  3.600000E+00        49
 -1.925062E+03  1.000000E+01 -1.925722E+03  2.323243E+02 -2.158046E+03
  0.000000E+00  0.000000E+00  0.000000E+00  0.000000E+00 -1.925062E+03
  0.000000E+00 -4.541173E-01 -2.145703E+03  2.145249E+03  0.000000E+00
  0.000000E+00  0.000000E+00  0.000000E+00  1.137133E+04  0.000000E+00
  0.000000E+00  0.000000E+00  9.000000E+01  9.000000E+01  9.000000E+01
  0.000000E+00  8.228097E-02  0.000000E+00  2.607711E-03  7.709267E-04
  1.194591E-01  4.123980E-02  2.214135E-02  4.123980E-02  5.493027E-02
 -1.817882E-01  2.214135E-02 -1.817882E-01  7.245352E-02  2.248729E+01
  0.000000E+00  0.000000E+00  0.000000E+00  2.248729E+01  0.000000E+00
  0.000000E+00  0.000000E+00  2.248729E+01  5.917208E-01
      3700  3.700000E+00        49
 -1.925139E+03  1.000000E+01 -1.925799E+03  2.318734E+02 -2.157672E+03
  0.000000E+00  0.000000E+00  0.000000E+00  0.000000E+00 -1.925139E+03
  0.000000E+00  2.278814E+00 -2.142056E+03  2.144335E+03  0.000000E+00
  0.000000E+00  0.000000E+00  0.000000E+00  1.137573E+04  0.000000E+00
  0.000000E+00  0.000000E+00  9.000000E+01  9.000000E+01  9.000000E+01
  0.000000E+00 -4.437659E-02  0.000000E+00  2.234075E-03  7.956512E-04
 -2.666177E-01 -1.393681E-01  1.514732E-01 -1.393681E-01  1.988285E-02
 -6.972666E-02  1.514732E-01 -6.972666E-02  1.136051E-01  2.249019E+01
  0.000000E+00  0.000000E+00  0.000000E+00  2.249019E+01  0.000000E+00
  0.000000E+00  0.000000E+00  2.249019E+01 -3.192562E-01
      3800  3.800000E+00        49
 -1.926355E+03  1.000000E+01 -1.927015E+03  2.310065E+02 -2.158022E+03
  0.000000E+00  0.000000E+00  0.000000E+00  0.000000E+00 -1.926355E+03
  0.000000E+00  1.189249E+01 -2.133595E+03  2.145487E+03  0.000000E+00
  0.000000E+00  0.000000E+00  0.000000E+00  1.137194E+04  0.000000E+00
  0.000000E+00  0.000000E+00  9.000000E+01  9.000000E+01  9.000000E+01
  0.000000E+00 -4.899737E-01  0.000000E+00  2.983436E-03  8.175541E-04
 -7.722198E-01  3.705962E-01  4.844777E-02  3.705962E-01 -4.317563E-01
 -1.354565E-01  4.844777E-02 -1.354565E-01 -2.659451E-01  2.248769E+01
  0.000000E+00  0.000000E+00  0.000000E+00  2.248769E+01  0.000000E+00
  0.000000E+00  0.000000E+00  2.248769E+01 -3.523816E+00
      3900  3.900000E+00        49
 -1.925149E+03  1.000000E+01 -1.925809E+03  2.318107E+02 -2.157620E+03
  0.000000E+00  0.000000E+00  0.000000E+00  0.000000E+00 -1.925149E+03
  0.000000E+00  2.810161E+00 -2.141592E+03  2.144402E+03  0.000000E+00
  0.000000E+00  0.000000E+00  0.000000E+00  1.137591E+04  0.000000E+00
  0.000000E+00  0.000000E+00  9.000000E+01  9.000000E+01  9.000000E+01
  0.000000E+00 -6.899458E-02  0.000000E+00  2.251729E-03  6.789864E-04
 -7.402105E-02 -1.508984E-02  2.227978E-01 -1.508984E-02 -3.062339E-01
 -6.474678E-02  2.227978E-01 -6.474678E-02  1.732712E-01  2.249031E+01
  0.000000E+00  0.000000E+00  0.000000E+00  2.249031E+01  0.000000E+00
  0.000000E+00  0.000000E+00  2.249031E+01 -4.963719E-01
      4000  4.000000E+00        49
 -1.925078E+03  1.000000E+01 -1.925739E+03  2.323832E+02 -2.158122E+03
  0.000000E+00  0.000000E+00  0.000000E+00  0.000000E+00 -1.925078E+03
  0.000000E+00 -5.796318E-01 -2.146014E+03  2.145434E+03  0.000000E+00
  0.000000E+00  0.000000E+00  0.000000E+00  1.137146E+04  0.000000E+00
  0.000000E+00  0.000000E+00  9.000000E+01  9.000000E+01  9.000000E+01
  0.000000E+00  8.809774E-02  0.000000E+00  2.871445E-03  8.072449E-04
  2.765699E-01 -3.247524E-01 -1.335052E-01 -3.247524E-01 -2.006245E-01
 -4.008018E-01 -1.335052E-01 -4.008018E-01  1.883479E-01  2.248737E+01
  0.000000E+00  0.000000E+00  0.000000E+00  2.248737E+01  0.000000E+00
  0.000000E+00  0.000000E+00  2.248737E+01  6.335590E-01
      4100  4.100000E+00        49
 -1.925557E+03  1.000000E+01 -1.926218E+03  2.314137E+02 -2.157632E+03
  0.000000E+00  0.000000E+00  0.000000E+00  0.000000E+00 -1.925557E+03
  0.000000E+00  6.810031E+00 -2.137935E+03  2.144745E+03  0.000000E+00
  0.000000E+00  0.000000E+00  0.000000E+00  1.137672E+04  0.000000E+00
  0.000000E+00  0.000000E+00  9.000000E+01  9.000000E+01  9.000000E+01
  0.000000E+00 -2.543009E-01  0.000000E+00  2.307849E-03  7.357030E-04
 -1.848741E-01  2.526114E-01 -2.903672E-03  2.526114E-01 -7.073552E-01
 -6.863494E-02 -2.903672E-03 -6.863494E-02  1.293266E-01  2.249084E+01
  0.000000E+00  0.000000E+00  0.000000E+00  2.249084E+01  0.000000E+00
  0.000000E+00  0.000000E+00  2.249084E+01 -1.829662E+00
      4200  4.200000E+00        49
 -1.925865E+03  1.000000E+01 -1.926526E+03  2.318016E+02 -2.158327E+03
  0.000000E+00  0.000000E+00  0.000000E+00  0.000000E+00 -1.925865E+03
  0.000000E+00  4.908271E+00 -2.140573E+03  2.145481E+03  0.000000E+00
  0.000000E+00  0.000000E+00  0.000000E+00  1.136759E+04  0.000000E+00
  0.000000E+00  0.000000E+00  9.000000E+01  9.000000E+01  9.000000E+01
  0.000000E+00 -1.663272E-01  0.000000E+00  2.841358E-03  8.201794E-04
 -3.542781E-01  1.724199E-01 -4.138224E-02  1.724199E-01 -5.710564E-02
  7.167950E-02 -4.138224E-02  7.167950E-02 -8.759772E-02  2.248482E+01
  0.000000E+00  0.000000E+00  0.000000E+00  2.248482E+01  0.000000E+00
  0.000000E+00  0.000000E+00  2.248482E+01 -1.195742E+00
      4300  4.300000E+00        49
 -1.925107E+03  1.000000E+01 -1.925767E+03  2.319281E+02 -2.157696E+03
  0.000000E+00  0.000000E+00  0.000000E+00  0.000000E+00 -1.925107E+03
  0.000000E+00  2.098053E+00 -2.142561E+03  2.144659E+03  0.000000E+00
  0.000000E+00  0.000000E+00  0.000000E+00  1.137567E+04  0.000000E+00
  0.000000E+00  0.000000E+00  9.000000E+01  9.000000E+01  9.000000E+01
  0.000000E+00 -3.600153E-02  0.000000E+00  2.203093E-03  7.382511E-04
 -1.015082E-02  1.848452E-01  5.886191E-02  1.848452E-01 -9.474001E-02
  2.271807E-01  5.886191E-02  2.271807E-01 -3.113766E-03  2.249015E+01
  0.000000E+00  0.000000E+00  0.000000E+00  2.249015E+01  0.000000E+00
  0.000000E+00  0.000000E+00  2.249015E+01 -2.590024E-01
      4400  4.400000E+00        49
 -1.924998E+03  1.000000E+01 -1.925659E+03  2.322941E+02 -2.157953E+03
  0.000000E+00  0.000000E+00  0.000000E+00  0.000000E+00 -1.924998E+03
  0.000000E+00 -5.143933E-01 -2.145470E+03  2.144956E+03  0.000000E+00
  0.000000E+00  0.000000E+00  0.000000E+00  1.137326E+04  0.000000E+00
  0.000000E+00  0.000000E+00  9.000000E+01  9.000000E+01  9.000000E+01
  0.000000E+00  8.506045E-02  0.000000E+00  2.761034E-03  7.763365E-04
  1.845308E-01  8.573648E-02 -1.514264E-01  8.573648E-02  1.870928E-01
 -1.231498E-02 -1.514264E-01 -1.231498E-02 -1.164423E-01  2.248856E+01
  0.000000E+00  0.000000E+00  0.000000E+00  2.248856E+01  0.000000E+00
  0.000000E+00  0.000000E+00  2.248856E+01  6.118128E-01
      4500  4.500000E+00        49
 -1.925305E+03  1.000000E+01 -1.925965E+03  2.319148E+02 -2.157880E+03
  0.000000E+00  0.000000E+00  0.000000E+00  0.000000E+00 -1.925305E+03
  0.000000E+00  2.839874E+00 -2.142211E+03  2.145051E+03  0.000000E+00
  0.000000E+00  0.000000E+00  0.000000E+00  1.137291E+04  0.000000E+00
  0.000000E+00  0.000000E+00  9.000000E+01  9.000000E+01  9.000000E+01
  0.000000E+00 -7.038978E-02  0.000000E+00  2.404077E-03  7.007542E-04
 -9.961569E-02  7.558317E-02  2.460761E-01  7.558317E-02  9.075881E-02
  2.230727E-01  2.460761E-01  2.230727E-01 -2.023125E-01  2.248833E+01
  0.000000E+00  0.000000E+00  0.000000E+00  2.248833E+01  0.000000E+00
  0.000000E+00  0.000000E+00  2.248833E+01 -5.062761E-01
      4600  4.600000E+00        49
 -1.925184E+03  1.000000E+01 -1.925844E+03  2.319173E+02 -2.157761E+03
  0.000000E+00  0.000000E+00  0.000000E+00  0.000000E+00 -1.925184E+03
  0.000000E+00  2.785004E+00 -2.142224E+03  2.145009E+03  0.000000E+00
  0.000000E+00  0.000000E+00  0.000000E+00  1.137625E+04  0.000000E+00
  0.000000E+00  0.000000E+00  9.000000E+01  9.000000E+01  9.000000E+01
  0.000000E+00 -6.782696E-02  0.000000E+00  2.752822E-03  7.523094E-04
  3.716585E-02  2.321483E-01 -6.952667E-02  2.321483E-01 -8.275789E-02
 -3.187463E-02 -6.952667E-02 -3.187463E-02 -1.578888E-01  2.249053E+01
  0.000000E+00  0.000000E+00  0.000000E+00  2.249053E+01  0.000000E+00
  0.000000E+00  0.000000E+00  2.249053E+01 -4.879862E-01
      4700  4.700000E+00        49
 -1.924230E+03  1.000000E+01 -1.924891E+03  2.330929E+02 -2.157984E+03
  0.000000E+00  0.000000E+00  0.000000E+00  0.000000E+00 -1.924230E+03
  0.000000E+00 -8.193418E+00 -2.152882E+03  2.144689E+03  0.000000E+00
  0.000000E+00  0.000000E+00  0.000000E+00  1.137085E+04  0.000000E+00
  0.000000E+00  0.000000E+00  9.000000E+01  9.000000E+01  9.000000E+01
  0.000000E+00  4.410258E-01  0.000000E+00  2.182548E-03  7.446997E-04
  3.523256E-01  3.354630E-01 -3.973615E-02  3.354630E-01  6.027025E-01
 -7.407393E-02 -3.973615E-02 -7.407393E-02  3.680495E-01  2.248697E+01
  0.000000E+00  0.000000E+00  0.000000E+00  2.248697E+01  0.000000E+00
  0.000000E+00  0.000000E+00  2.248697E+01  3.171488E+00
      4800  4.800000E+00        49
 -1.925988E+03  1.000000E+01 -1.926648E+03  2.311968E+02 -2.157845E+03
  0.000000E+00  0.000000E+00  0.000000E+00  0.000000E+00 -1.925988E+03
  0.000000E+00  9.864083E+00 -2.135508E+03  2.145372E+03  0.000000E+00
  0.000000E+00  0.000000E+00  0.000000E+00  1.137514E+04  0.000000E+00
  0.000000E+00  0.000000E+00  9.000000E+01  9.000000E+01  9.000000E+01
  0.000000E+00 -3.958480E-01  0.000000E+00  2.924384E-03  8.061628E-04
 -2.126957E-01  7.070617E-02 -3.410640E-02  7.070617E-02 -3.892556E-01
 -1.841883E-01 -3.410640E-02 -1.841883E-01 -5.855927E-01  2.248980E+01
  0.000000E+00  0.000000E+00  0.000000E+00  2.248980E+01  0.000000E+00
  0.000000E+00  0.000000E+00  2.248980E+01 -2.847679E+00
      4900  4.900000E+00        49
 -1.924405E+03  1.000000E+01 -1.925066E+03  2.327806E+02 -2.157846E+03
  0.000000E+00  0.000000E+00  0.000000E+00  0.000000E+00 -1.924405E+03
  0.000000E+00 -5.708842E+00 -2.150205E+03  2.144496E+03  0.000000E+00
  0.000000E+00  0.000000E+00  0.000000E+00  1.137241E+04  0.000000E+00
  0.000000E+00  0.000000E+00  9.000000E+01  9.000000E+01  9.000000E+01
  0.000000E+00  3.258131E-01  0.000000E+00  2.132446E-03  6.865978E-04
  3.577328E-01  3.586387E-02  1.001996E-01  3.586387E-02  3.836153E-01
 -2.458786E-01  1.001996E-01 -2.458786E-01  2.360911E-01  2.248800E+01
  0.000000E+00  0.000000E+00  0.000000E+00  2.248800E+01  0.000000E+00
  0.000000E+00  0.000000E+00  2.248800E+01  2.343296E+00
      5000  5.000000E+00        49
 -1.925175E+03  1.000000E+01 -1.925836E+03  2.318529E+02 -2.157689E+03
  0.000000E+00  0.000000E+00  0.000000E+00  0.000000E+00 -1.925175E+03
  0.000000E+00  3.477201E+00 -2.141687E+03  2.145164E+03  0.000000E+00
  0.000000E+00  0.000000E+00  0.000000E+00  1.137731E+04  0.000000E+00
  0.000000E+00  0.000000E+00  9.000000E+01  9.000000E+01  9.000000E+01
  0.000000E+00 -9.988800E-02  0.000000E+00  2.857880E-03  6.966562E-04
 -5.278796E-02  6.416149E-02 -1.432246E-01  6.416149E-02 -5.294546E-02
 -2.544824E-01 -1.432246E-01 -2.544824E-01 -1.939306E-01  2.249123E+01
  0.000000E+00  0.000000E+00  0.000000E+00  2.249123E+01  0.000000E+00
  0.000000E+00  0.000000E+00  2.249123E+01 -7.187185E-01
      5100  5.100000E+00        49
 -1.924235E+03  1.000000E+01 -1.924895E+03  2.328772E+02 -2.157772E+03
  0.000000E+00  0.000000E+00  0.000000E+00  0.000000E+00 -1.924235E+03
  0.000000E+00 -6.761550E+00 -2.151093E+03  2.144332E+03  0.000000E+00
  0.000000E+00  0.000000E+00  0.000000E+00  1.137427E+04  0.000000E+00
  0.000000E+00  0.000000E+00  9.000000E+01  9.000000E+01  9.000000E+01
  0.000000E+00  3.745415E-01  0.000000E+00  2.372158E-03  5.643959E-04
  1.234204E-01  2.468038E-04  1.437737E-01  2.468038E-04  5.037942E-01
 -6.353465E-03  1.437737E-01 -6.353465E-03  4.964098E-01  2.248923E+01
  0.000000E+00  0.000000E+00  0.000000E+00  2.248923E+01  0.000000E+00
  0.000000E+00  0.000000E+00  2.248923E+01  2.694199E+00
      5200  5.200000E+00        49
 -1.924667E+03  1.000000E+01 -1.925328E+03  2.325395E+02 -2.157867E+03
  0.000000E+00  0.000000E+00  0.000000E+00  0.000000E+00 -1.924667E+03
  0.000000E+00 -2.854719E+00 -2.147817E+03  2.144963E+03  0.000000E+00
  0.000000E+00  0.000000E+00  0.000000E+00  1.137406E+04  0.000000E+00
  0.000000E+00  0.000000E+00  9.000000E+01  9.000000E+01  9.000000E+01
  0.000000E+00  1.935055E-01  0.000000E+00  2.543127E-03  7.526937E-04
  1.191068E-01  2.957292E-01 -1.783120E-01  2.957292E-01  2.352929E-01
 -1.912431E-01 -1.783120E-01 -1.912431E-01  2.261168E-01  2.248909E+01
  0.000000E+00  0.000000E+00  0.000000E+00  2.248909E+01  0.000000E+00
  0.000000E+00  0.000000E+00  2.248909E+01  1.391921E+00
      5300  5.300000E+00        49
 -1.925783E+03  1.000000E+01 -1.926443E+03  2.314693E+02 -2.157912E+03
  0.000000E+00  0.000000E+00  0.000000E+00  0.000000E+00 -1.925783E+03
  0.000000E+00  7.032814E+00 -2.138146E+03  2.145178E+03  0.000000E+00
  0.000000E+00  0.000000E+00  0.000000E+00  1.137305E+04  0.000000E+00
  0.000000E+00  0.000000E+00  9.000000E+01  9.000000E+01  9.000000E+01
  0.000000E+00 -2.647076E-01  0.000000E+00  2.571792E-03  6.868555E-04
 -1.041940E-01  1.339970E-01 -1.011895E-01  1.339970E-01 -3.530699E-01
 -7.912578E-02 -1.011895E-01 -7.912578E-02 -3.368588E-01  2.248842E+01
  0.000000E+00  0.000000E+00  0.000000E+00  2.248842E+01  0.000000E+00
  0.000000E+00  0.000000E+00  2.248842E+01 -1.903923E+00
      5400  5.400000E+00        49
 -1.925584E+03  1.000000E+01 -1.926244E+03  2.318330E+02 -2.158077E+03
  0.000000E+00  0.000000E+00  0.000000E+00  0.000000E+00 -1.925584E+03
  0.000000E+00  3.835199E+00 -2.141282E+03  2.145118E+03  0.000000E+00
  0.000000E+00  0.000000E+00  0.000000E+00  1.137017E+04  0.000000E+00
  0.000000E+00  0.000000E+00  9.000000E+01  9.000000E+01  9.000000E+01
  0.000000E+00 -1.165461E-01  0.000000E+00  2.374331E-03  7.909102E-04
 -2.121209E-01 -8.081127E-03 -6.754261E-02 -8.081127E-03 -4.712722E-03
 -1.462832E-02 -6.754261E-02 -1.462832E-02 -1.328045E-01  2.248652E+01
  0.000000E+00  0.000000E+00  0.000000E+00  2.248652E+01  0.000000E+00
  0.000000E+00  0.000000E+00  2.248652E+01 -8.380511E-01
      5500  5.500000E+00        49
 -1.924928E+03  1.000000E+01 -1.925588E+03  2.324094E+02 -2.157998E+03
  0.000000E+00  0.000000E+00  0.000000E+00  0.000000E+00 -1.924928E+03
  0.000000E+00 -1.410318E+00 -2.146491E+03  2.145081E+03  0.000000E+00
  0.000000E+00  0.000000E+00  0.000000E+00  1.137191E+04  0.000000E+00
  0.000000E+00  0.000000E+00  9.000000E+01  9.000000E+01  9.000000E+01
  0.000000E+00  1.265957E-01  0.000000E+00  2.663580E-03  7.032936E-04
  2.474866E-01 -1.495131E-01  3.396004E-01 -1.495131E-01  1.958891E-01
  2.288340E-01  3.396004E-01  2.288340E-01 -6.358877E-02  2.248767E+01
  0.000000E+00  0.000000E+00  0.000000E+00  2.248767E+01  0.000000E+00
  0.000000E+00  0.000000E+00  2.248767E+01  9.104543E-01
      5600  5.600000E+00        49
 -1.924932E+03  1.000000E+01 -1.925593E+03  2.321781E+02 -2.157771E+03
  0.000000E+00  0.000000E+00  0.000000E+00  0.000000E+00 -1.924932E+03
  0.000000E+00 -6.755045E-02 -2.144746E+03  2.144679E+03  0.000000E+00
  0.000000E+00  0.000000E+00  0.000000E+00  1.137457E+04  0.000000E+00
  0.000000E+00  0.000000E+00  9.000000E+01  9.000000E+01  9.000000E+01
  0.000000E+00  6.434478E-02  0.000000E+00  2.394122E-03  7.492105E-04
  5.077299E-02  1.210646E-01 -3.249150E-02  1.210646E-01  1.497725E-01
  2.959242E-03 -3.249150E-02  2.959242E-03 -7.511174E-03  2.248943E+01
  0.000000E+00  0.000000E+00  0.000000E+00  2.248943E+01  0.000000E+00
  0.000000E+00  0.000000E+00  2.248943E+01  4.628652E-01
      5700  5.700000E+00        49
 -1.924359E+03  1.000000E+01 -1.925020E+03  2.332023E+02 -2.158222E+03
  0.000000E+00  0.000000E+00  0.000000E+00  0.000000E+00 -1.924359E+03
  0.000000E+00 -8.137141E+00 -2.153493E+03  2.145356E+03  0.000000E+00
  0.000000E+00  0.000000E+00  0.000000E+00  1.136846E+04  0.000000E+00
  0.000000E+00  0.000000E+00  9.000000E+01  9.000000E+01  9.000000E+01
  0.000000E+00  4.385093E-01  0.000000E+00  2.685552E-03  7.872943E-04
  6.019851E-01 -2.448867E-03 -3.311839E-01 -2.448867E-03  2.722463E-01
  2.207793E-01 -3.311839E-01  2.207793E-01  4.412963E-01  2.248540E+01
  0.000000E+00  0.000000E+00  0.000000E+00  2.248540E+01  0.000000E+00
  0.000000E+00  0.000000E+00  2.248540E+01  3.152729E+00
      5800  5.800000E+00        49
 -1.924667E+03  1.000000E+01 -1.925328E+03  2.322433E+02 -2.157571E+03
  0.000000E+00  0.000000E+00  0.000000E+00  0.000000E+00 -1.924667E+03
  0.000000E+00 -7.653926E-01 -2.145526E+03  2.144761E+03  0.000000E+00
  0.000000E+00  0.000000E+00  0.000000E+00  1.137818E+04  0.000000E+00
  0.000000E+00  0.000000E+00  9.000000E+01  9.000000E+01  9.000000E+01
  0.000000E+00  9.665080E-02  0.000000E+00  2.446999E-03  6.923579E-04
  2.009557E-02 -6.780816E-02 -7.194995E-02 -6.780816E-02 -1.834809E-02
  1.102437E-01 -7.194995E-02  1.102437E-01  2.882049E-01  2.249180E+01
  0.000000E+00  0.000000E+00  0.000000E+00  2.249180E+01  0.000000E+00
  0.000000E+00  0.000000E+00  2.249180E+01  6.954793E-01
      5900  5.900000E+00        49
 -1.924869E+03  1.000000E+01 -1.925529E+03  2.326132E+02 -2.158142E+03
  0.000000E+00  0.000000E+00  0.000000E+00  0.000000E+00 -1.924869E+03
  0.000000E+00 -3.035836E+00 -2.148193E+03  2.145157E+03  0.000000E+00
  0.000000E+00  0.000000E+00  0.000000E+00  1.136998E+04  0.000000E+00
  0.000000E+00  0.000000E+00  9.000000E+01  9.000000E+01  9.000000E+01
  0.000000E+00  2.019709E-01  0.000000E+00  2.691925E-03  7.928490E-04
  3.000760E-01 -1.381705E-01 -1.730562E-01 -1.381705E-01  2.855614E-01
 -1.167154E-01 -1.730562E-01 -1.167154E-01  2.027511E-02  2.248640E+01
  0.000000E+00  0.000000E+00  0.000000E+00  2.248640E+01  0.000000E+00
  0.000000E+00  0.000000E+00  2.248640E+01  1.452294E+00
      6000  6.000000E+00        49
 -1.925669E+03  1.000000E+01 -1.926329E+03  2.314560E+02 -2.157785E+03
  0.000000E+00  0.000000E+00  0.000000E+00  0.000000E+00 -1.925669E+03
  0.000000E+00  6.958785E+00 -2.138130E+03  2.145089E+03  0.000000E+00
  0.000000E+00  0.000000E+00  0.000000E+00  1.137509E+04  0.000000E+00
  0.000000E+00  0.000000E+00  9.000000E+01  9.000000E+01  9.000000E+01
  0.000000E+00 -2.612299E-01  0.000000E+00  2.378319E-03  6.575462E-04
 -3.619477E-01  6.289405E-02  1.866235E-02  6.289405E-02 -3.404564E-02
  7.681325E-03  1.866235E-02  7.681325E-03 -3.876963E-01  2.248977E+01
  0.000000E+00  0.000000E+00  0.000000E+00  2.248977E+01  0.000000E+00
  0.000000E+00  0.000000E+00  2.248977E+01 -1.879246E+00
      6100  6.100000E+00        49
 -1.924703E+03  1.000000E+01 -1.925364E+03  2.325411E+02 -2.157905E+03
  0.000000E+00  0.000000E+00  0.000000E+00  0.000000E+00 -1.924703E+03
  0.000000E+00 -2.807842E+00 -2.147764E+03  2.144956E+03  0.000000E+00
  0.000000E+00  0.000000E+00  0.000000E+00  1.137325E+04  0.000000E+00
  0.000000E+00  0.000000E+00  9.000000E+01  9.000000E+01  9.000000E+01
  0.000000E+00  1.913467E-01  0.000000E+00  2.687491E-03  7.046190E-04
  2.260899E-01 -2.491755E-01 -4.036606E-01 -2.491755E-01  2.398037E-01
 -2.456533E-01 -4.036606E-01 -2.456533E-01  1.081465E-01  2.248856E+01
  0.000000E+00  0.000000E+00  0.000000E+00  2.248856E+01  0.000000E+00
  0.000000E+00  0.000000E+00  2.248856E+01  1.376296E+00
      6200  6.200000E+00        49
 -1.925737E+03  1.000000E+01 -1.926398E+03  2.314455E+02 -2.157843E+03
  0.000000E+00  0.000000E+00  0.000000E+00  0.000000E+00 -1.925737E+03
  0.000000E+00  7.133644E+00 -2.137932E+03  2.145066E+03  0.000000E+00
  0.000000E+00  0.000000E+00  0.000000E+00  1.137382E+04  0.000000E+00
  0.000000E+00  0.000000E+00  9.000000E+01  9.000000E+01  9.000000E+01
  0.000000E+00 -2.693623E-01  0.000000E+00  2.400283E-03  8.303372E-04
 -1.102021E-01 -1.138264E-01 -1.003376E-02 -1.138264E-01 -4.021663E-01
  1.509146E-01 -1.003376E-02  1.509146E-01 -2.957186E-01  2.248893E+01
  0.000000E+00  0.000000E+00  0.000000E+00  2.248893E+01  0.000000E+00
  0.000000E+00  0.000000E+00  2.248893E+01 -1.937533E+00
      6300  6.300000E+00        49
 -1.925247E+03  1.000000E+01 -1.925907E+03  2.320657E+02 -2.157973E+03
  0.000000E+00  0.000000E+00  0.000000E+00  0.000000E+00 -1.925247E+03
  0.000000E+00  1.529946E+00 -2.143476E+03  2.145006E+03  0.000000E+00
  0.000000E+00  0.000000E+00  0.000000E+00  1.137203E+04  0.000000E+00
  0.000000E+00  0.000000E+00  9.000000E+01  9.000000E+01  9.000000E+01
  0.000000E+00 -9.682203E-03  0.000000E+00  2.524723E-03  7.114661E-04
 -7.588521E-02 -1.002574E-01  7.303349E-02 -1.002574E-01 -2.358307E-01
 -4.020658E-01  7.303349E-02 -4.020658E-01  2.826693E-01  2.248775E+01
  0.000000E+00  0.000000E+00  0.000000E+00  2.248775E+01  0.000000E+00
  0.000000E+00  0.000000E+00  2.248775E+01 -6.963349E-02
      6400  6.400000E+00        49
 -1.924707E+03  1.000000E+01 -1.925367E+03  2.324660E+02 -2.157833E+03
  0.000000E+00  0.000000E+00  0.000000E+00  0.000000E+00 -1.924707E+03
  0.000000E+00 -2.539634E+00 -2.147219E+03  2.144680E+03  0.000000E+00
  0.000000E+00  0.000000E+00  0.000000E+00  1.137377E+04  0.000000E+00
  0.000000E+00  0.000000E+00  9.000000E+01  9.000000E+01  9.000000E+01
  0.000000E+00  1.789089E-01  0.000000E+00  2.420654E-03  7.629520E-04
  6.516436E-02 -2.359832E-03  8.178290E-02 -2.359832E-03  2.847715E-01
  1.141131E-01  8.178290E-02  1.141131E-01  1.867908E-01  2.248890E+01
  0.000000E+00  0.000000E+00  0.000000E+00  2.248890E+01  0.000000E+00
  0.000000E+00  0.000000E+00  2.248890E+01  1.286893E+00
      6500  6.500000E+00        49
 -1.925582E+03  1.000000E+01 -1.926242E+03  2.316118E+02 -2.157854E+03
  0.000000E+00  0.000000E+00  0.000000E+00  0.000000E+00 -1.925582E+03
  0.000000E+00  5.919022E+00 -2.139406E+03  2.145325E+03  0.000000E+00
  0.000000E+00  0.000000E+00  0.000000E+00  1.137429E+04  0.000000E+00
  0.000000E+00  0.000000E+00  9.000000E+01  9.000000E+01  9.000000E+01
  0.000000E+00 -2.130664E-01  0.000000E+00  2.756948E-03  7.029939E-04
 -3.487382E-01  7.646029E-02 -1.113271E-01  7.646029E-02  9.604916E-02
 -2.437611E-01 -1.113271E-01 -2.437611E-01 -3.865102E-01  2.248924E+01
  0.000000E+00  0.000000E+00  0.000000E+00  2.248924E+01  0.000000E+00
  0.000000E+00  0.000000E+00  2.248924E+01 -1.532659E+00
      6600  6.600000E+00        49
 -1.924363E+03  1.000000E+01 -1.925023E+03  2.327312E+02 -2.157754E+03
  0.000000E+00  0.000000E+00  0.000000E+00  0.000000E+00 -1.924363E+03
  0.000000E+00 -5.535529E+00 -2.149871E+03  2.144336E+03  0.000000E+00
  0.000000E+00  0.000000E+00  0.000000E+00  1.137357E+04  0.000000E+00
  0.000000E+00  0.000000E+00  9.000000E+01  9.000000E+01  9.000000E+01
  0.000000E+00  3.177481E-01  0.000000E+00  2.095685E-03  6.275389E-04
  3.789487E-01 -1.771099E-01 -6.647626E-02 -1.771099E-01  3.457755E-01
 -3.009802E-02 -6.647626E-02 -3.009802E-02  2.285201E-01  2.248877E+01
  0.000000E+00  0.000000E+00  0.000000E+00  2.248877E+01  0.000000E+00
  0.000000E+00  0.000000E+00  2.248877E+01  2.285525E+00
      6700  6.700000E+00        49
 -1.925575E+03  1.000000E+01 -1.926236E+03  2.317950E+02 -2.158031E+03
  0.000000E+00  0.000000E+00  0.000000E+00  0.000000E+00 -1.925575E+03
  0.000000E+00  4.591524E+00 -2.140862E+03  2.145454E+03  0.000000E+00
  0.000000E+00  0.000000E+00  0.000000E+00  1.137223E+04  0.000000E+00
  0.000000E+00  0.000000E+00  9.000000E+01  9.000000E+01  9.000000E+01
  0.000000E+00 -1.515787E-01  0.000000E+00  2.804870E-03  8.122071E-04
 -2.808608E-01 -1.864042E-01  6.943831E-02 -1.864042E-01  3.307643E-02
  3.288119E-02  6.943831E-02  3.288119E-02 -2.069518E-01  2.248788E+01
  0.000000E+00  0.000000E+00  0.000000E+00  2.248788E+01  0.000000E+00
  0.000000E+00  0.000000E+00  2.248788E+01 -1.090159E+00
      6800  6.800000E+00        49
 -1.925218E+03  1.000000E+01 -1.925879E+03  2.320744E+02 -2.157953E+03
  0.000000E+00  0.000000E+00  0.000000E+00  0.000000E+00 -1.925218E+03
  0.000000E+00  1.310218E+00 -2.143548E+03  2.144858E+03  0.000000E+00
  0.000000E+00  0.000000E+00  0.000000E+00  1.137206E+04  0.000000E+00
  0.000000E+00  0.000000E+00  9.000000E+01  9.000000E+01  9.000000E+01
  0.000000E+00  5.018092E-04  0.000000E+00  2.506147E-03  7.465822E-04
  2.356864E-01  1.354763E-01  6.904302E-01  1.354763E-01 -2.006932E-01
 -4.028010E-02  6.904302E-01 -4.028010E-02 -3.348772E-02  2.248777E+01
  0.000000E+00  0.000000E+00  0.000000E+00  2.248777E+01  0.000000E+00
  0.000000E+00  0.000000E+00  2.248777E+01  3.608973E-03
      6900  6.900000E+00        49
 -1.924986E+03  1.000000E+01 -1.925647E+03  2.320558E+02 -2.157703E+03
  0.000000E+00  0.000000E+00  0.000000E+00  0.000000E+00 -1.924986E+03
  0.000000E+00  1.208832E+00 -2.143657E+03  2.144866E+03  0.000000E+00
  0.000000E+00  0.000000E+00  0.000000E+00  1.137629E+04  0.000000E+00
  0.000000E+00  0.000000E+00  9.000000E+01  9.000000E+01  9.000000E+01
  0.000000E+00  5.198978E-03  0.000000E+00  2.363586E-03  7.275436E-04
  2.040421E-01  1.057058E-01  7.856848E-02  1.057058E-01 -2.588261E-01
 -3.564915E-01  7.856848E-02 -3.564915E-01  7.038093E-02  2.249055E+01
  0.000000E+00  0.000000E+00  0.000000E+00  2.249055E+01  0.000000E+00
  0.000000E+00  0.000000E+00  2.249055E+01  3.740455E-02
      7000  7.000000E+00        49
 -1.924442E+03  1.000000E+01 -1.925103E+03  2.328234E+02 -2.157926E+03
  0.000000E+00  0.000000E+00  0.000000E+00  0.000000E+00 -1.924442E+03
  0.000000E+00 -5.577983E+00 -2.150389E+03  2.144811E+03  0.000000E+00
  0.000000E+00  0.000000E+00  0.000000E+00  1.137256E+04  0.000000E+00
  0.000000E+00  0.000000E+00  9.000000E+01  9.000000E+01  9.000000E+01
  0.000000E+00  3.197441E-01  0.000000E+00  2.516642E-03  7.534724E-04
  2.692295E-01 -1.380914E-01 -4.326873E-03 -1.380914E-01  3.895959E-01
  1.504789E-01 -4.326873E-03  1.504789E-01  3.004069E-01  2.248810E+01
  0.000000E+00  0.000000E+00  0.000000E+00  2.248810E+01  0.000000E+00
  0.000000E+00  0.000000E+00  2.248810E+01  2.299676E+00
      7100  7.100000E+00        49
 -1.924961E+03  1.008566E+01 -1.925627E+03  2.322675E+02 -2.157895E+03
  0.000000E+00  0.000000E+00  0.000000E+00  0.000000E+00 -1.924961E+03
  0.000000E+00 -5.155284E-01 -2.145420E+03  2.144905E+03  0.000000E+00
  0.000000E+00  0.000000E+00  0.000000E+00  1.137264E+04  0.000000E+00
  0.000000E+00  0.000000E+00  9.000000E+01  9.000000E+01  9.000000E+01
  0.000000E+00  8.564215E-02  0.000000E+00  6.143784E-03  1.824009E-03
  2.440715E-01 -3.272673E-02  3.360579E-02 -3.272673E-02 -6.398063E-02
  1.142904E-01  3.360579E-02  1.142904E-01  7.683559E-02  2.248815E+01
  0.000000E+00  0.000000E+00  0.000000E+00  2.248815E+01  0.000000E+00
  0.000000E+00  0.000000E+00  2.248815E+01  6.159632E-01
      7200  7.200000E+00        49
 -1.925203E+03  9.509580E+00 -1.925831E+03  2.320153E+02 -2.157846E+03
  0.000000E+00  0.000000E+00  0.000000E+00  0.000000E+00 -1.925203E+03
  0.000000E+00  1.900503E+00 -2.143156E+03  2.145057E+03  0.000000E+00
  0.000000E+00  0.000000E+00  0.000000E+00  1.137324E+04  0.000000E+00
  0.000000E+00  0.000000E+00  9.000000E+01  9.000000E+01  9.000000E+01
  0.000000E+00 -2.985650E-02  0.000000E+00  7.417285E-03  1.530491E-03
 -4.198283E-02  2.532585E-01 -2.868616E-01  2.532585E-01  2.254041E-02
 -3.096192E-03 -2.868616E-01 -3.096192E-03 -7.012708E-02  2.248855E+01
  0.000000E+00  0.000000E+00  0.000000E+00  2.248855E+01  0.000000E+00
  0.000000E+00  0.000000E+00  2.248855E+01 -2.147480E-01
      7300  7.300000E+00        49
 -1.924097E+03  1.002249E+01 -1.924759E+03  2.331687E+02 -2.157928E+03
  0.000000E+00  0.000000E+00  0.000000E+00  0.000000E+00 -1.924097E+03
  0.000000E+00 -8.812882E+00 -2.153566E+03  2.144753E+03  0.000000E+00
  0.000000E+00  0.000000E+00  0.000000E+00  1.137189E+04  0.000000E+00
  0.000000E+00  0.000000E+00  9.000000E+01  9.000000E+01  9.000000E+01
  0.000000E+00  4.698349E-01  0.000000E+00  4.294958E-03  1.583178E-03
  3.080076E-01  8.225449E-02  3.614597E-01  8.225449E-02  4.768671E-01
  9.732692E-03  3.614597E-01  9.732692E-03  6.246301E-01  2.248766E+01
  0.000000E+00  0.000000E+00  0.000000E+00  2.248766E+01  0.000000E+00
  0.000000E+00  0.000000E+00  2.248766E+01  3.378966E+00
      7400  7.400000E+00        49
 -1.924894E+03  1.023581E+01 -1.925570E+03  2.323826E+02 -2.157953E+03
  0.000000E+00  0.000000E+00  0.000000E+00  0.000000E+00 -1.924894E+03
  0.000000E+00 -1.604093E+00 -2.146415E+03  2.144811E+03  0.000000E+00
  0.000000E+00  0.000000E+00  0.000000E+00  1.137190E+04  0.000000E+00
  0.000000E+00  0.000000E+00  9.000000E+01  9.000000E+01  9.000000E+01
  0.000000E+00  1.370208E-01  0.000000E+00  3.687628E-03  1.595555E-03
  1.260385E-01 -2.489135E-01  3.294195E-02 -2.489135E-01  2.326544E-01
 -2.094861E-01  3.294195E-02 -2.094861E-01  5.236962E-02  2.248767E+01
  0.000000E+00  0.000000E+00  0.000000E+00  2.248767E+01  0.000000E+00
  0.000000E+00  0.000000E+00  2.248767E+01  9.854299E-01
      7500  7.500000E+00        49
 -1.925198E+03  9.456330E+00 -1.925823E+03  2.318615E+02 -2.157685E+03
  0.000000E+00  0.000000E+00  0.000000E+00  0.000000E+00 -1.925198E+03
  0.000000E+00  2.989195E+00 -2.141782E+03  2.144771E+03  0.000000E+00
  0.000000E+00  0.000000E+00  0.000000E+00  1.137683E+04  0.000000E+00
  0.000000E+00  0.000000E+00  9.000000E+01  9.000000E+01  9.000000E+01
  0.000000E+00 -8.061081E-02  0.000000E+00  6.076059E-03  1.570018E-03
 -3.687199E-02 -6.604685E-02  1.042301E-01 -6.604685E-02 -1.789018E-01
 -7.211736E-02  1.042301E-01 -7.211736E-02 -2.605867E-02  2.249092E+01
  0.000000E+00  0.000000E+00  0.000000E+00  2.249092E+01  0.000000E+00
  0.000000E+00  0.000000E+00  2.249092E+01 -5.799903E-01
      7600  7.600000E+00        49
 -1.925416E+03  9.840339E+00 -1.926066E+03  2.318335E+02 -2.157900E+03
  0.000000E+00  0.000000E+00  0.000000E+00  0.000000E+00 -1.925416E+03
  0.000000E+00  3.481651E+00 -2.141434E+03  2.144915E+03  0.000000E+00
  0.000000E+00  0.000000E+00  0.000000E+00  1.137294E+04  0.000000E+00
  0.000000E+00  0.000000E+00  9.000000E+01  9.000000E+01  9.000000E+01
  0.000000E+00 -1.011101E-01  0.000000E+00  5.288369E-03  1.305705E-03
 -1.458677E-01 -7.452185E-02 -3.038887E-02 -7.452185E-02  1.702229E-02
 -7.132198E-02 -3.038887E-02 -7.132198E-02 -1.744849E-01  2.248835E+01
  0.000000E+00  0.000000E+00  0.000000E+00  2.248835E+01  0.000000E+00
  0.000000E+00  0.000000E+00  2.248835E+01 -7.272325E-01
      7700  7.700000E+00        49
 -1.925408E+03  9.975159E+00 -1.926067E+03  2.319073E+02 -2.157975E+03
  0.000000E+00  0.000000E+00  0.000000E+00  0.000000E+00 -1.925408E+03
  0.000000E+00  2.843588E+00 -2.142035E+03  2.144878E+03  0.000000E+00
  0.000000E+00  0.000000E+00  0.000000E+00  1.137179E+04  0.000000E+00
  0.000000E+00  0.000000E+00  9.000000E+01  9.000000E+01  9.000000E+01
  0.000000E+00 -7.072102E-02  0.000000E+00  4.057280E-03  1.335870E-03
 -2.097736E-01 -9.178396E-02 -2.476802E-01 -9.178396E-02  1.241360E-01
 -3.629893E-01 -2.476802E-01 -3.629893E-01 -1.265254E-01  2.248759E+01
  0.000000E+00  0.000000E+00  0.000000E+00  2.248759E+01  0.000000E+00
  0.000000E+00  0.000000E+00  2.248759E+01 -5.086081E-01
      7800  7.800000E+00        49
 -1.925869E+03  9.883800E+00 -1.926522E+03  2.314183E+02 -2.157940E+03
  0.000000E+00  0.000000E+00  0.000000E+00  0.000000E+00 -1.925869E+03
  0.000000E+00  7.337477E+00 -2.137618E+03  2.144956E+03  0.000000E+00
  0.000000E+00  0.000000E+00  0.000000E+00  1.137214E+04  0.000000E+00
  0.000000E+00  0.000000E+00  9.000000E+01  9.000000E+01  9.000000E+01
  0.000000E+00 -2.795607E-01  0.000000E+00  4.174308E-03  1.584051E-03
 -2.983177E-01 -2.928504E-01 -2.290471E-02 -2.928504E-01 -2.469630E-02
 -3.629339E-01 -2.290471E-02 -3.629339E-01 -5.156682E-01  2.248782E+01
  0.000000E+00  0.000000E+00  0.000000E+00  2.248782E+01  0.000000E+00
  0.000000E+00  0.000000E+00  2.248782E+01 -2.010594E+00
      7900  7.900000E+00        49
 -1.925294E+03  9.867105E+00 -1.925946E+03  2.320620E+02 -2.158008E+03
  0.000000E+00  0.000000E+00  0.000000E+00  0.000000E+00 -1.925294E+03
  0.000000E+00  1.605621E+00 -2.143370E+03  2.144975E+03  0.000000E+00
  0.000000E+00  0.000000E+00  0.000000E+00  1.137148E+04  0.000000E+00
  0.000000E+00  0.000000E+00  9.000000E+01  9.000000E+01  9.000000E+01
  0.000000E+00 -1.400398E-02  0.000000E+00  5.873730E-03  1.483611E-03
 -1.844053E-01 -7.360331E-02  4.021183E-02 -7.360331E-02  1.214371E-01
 -1.457177E-01  4.021183E-02 -1.457177E-01  2.095624E-02  2.248739E+01
  0.000000E+00  0.000000E+00  0.000000E+00  2.248739E+01  0.000000E+00
  0.000000E+00  0.000000E+00  2.248739E+01 -1.007105E-01
      8000  8.000000E+00        49
 -1.924648E+03  1.047640E+01 -1.925340E+03  2.324858E+02 -2.157826E+03
  0.000000E+00  0.000000E+00  0.000000E+00  0.000000E+00 -1.924648E+03
  0.000000E+00 -2.972568E+00 -2.147497E+03  2.144525E+03  0.000000E+00
  0.000000E+00  0.000000E+00  0.000000E+00  1.137310E+04  0.000000E+00
  0.000000E+00  0.000000E+00  9.000000E+01  9.000000E+01  9.000000E+01
  0.000000E+00  2.019001E-01  0.000000E+00  5.306701E-03  1.520316E-03
  2.333635E-01  1.939856E-02 -3.094778E-02  1.939856E-02  1.978930E-01
 -7.673726E-02 -3.094778E-02 -7.673726E-02  1.744438E-01  2.248845E+01
  0.000000E+00  0.000000E+00  0.000000E+00  2.248845E+01  0.000000E+00
  0.000000E+00  0.000000E+00  2.248845E+01  1.452183E+00
      8100  8.100000E+00        49
 -1.925308E+03  9.875631E+00 -1.925960E+03  2.320253E+02 -2.157985E+03
  0.000000E+00  0.000000E+00  0.000000E+00  0.000000E+00 -1.925308E+03
  0.000000E+00  2.042760E+00 -2.143071E+03  2.145114E+03  0.000000E+00
  0.000000E+00  0.000000E+00  0.000000E+00  1.137210E+04  0.000000E+00
  0.000000E+00  0.000000E+00  9.000000E+01  9.000000E+01  9.000000E+01
  0.000000E+00 -3.421157E-02  0.000000E+00  4.493611E-03  1.419164E-03
  7.997498E-02  3.191760E-01 -1.423632E-01  3.191760E-01  7.626323E-03
 -1.327177E-03 -1.423632E-01 -1.327177E-03 -1.902360E-01  2.248780E+01
  0.000000E+00  0.000000E+00  0.000000E+00  2.248780E+01  0.000000E+00
  0.000000E+00  0.000000E+00  2.248780E+01 -2.460480E-01
      8200  8.200000E+00        49
 -1.924826E+03  9.704860E+00 -1.925467E+03  2.324727E+02 -2.157940E+03
  0.000000E+00  0.000000E+00  0.000000E+00  0.000000E+00 -1.924826E+03
  0.000000E+00 -2.461009E+00 -2.147166E+03  2.144705E+03  0.000000E+00
  0.000000E+00  0.000000E+00  0.000000E+00  1.137199E+04  0.000000E+00
  0.000000E+00  0.000000E+00  9.000000E+01  9.000000E+01  9.000000E+01
  0.000000E+00  1.734856E-01  0.000000E+00  4.503934E-03  1.524486E-03
 -1.558388E-01 -1.854039E-01  1.779301E-01 -1.854039E-01  5.644014E-01
 -2.929545E-02  1.779301E-01 -2.929545E-02  1.118942E-01  2.248773E+01
  0.000000E+00  0.000000E+00  0.000000E+00  2.248773E+01  0.000000E+00
  0.000000E+00  0.000000E+00  2.248773E+01  1.247688E+00
      8300  8.300000E+00        49
 -1.925140E+03  9.726489E+00 -1.925783E+03  2.322589E+02 -2.158042E+03
  0.000000E+00  0.000000E+00  0.000000E+00  0.000000E+00 -1.925140E+03
  0.000000E+00  9.496261E-02 -2.145135E+03  2.145230E+03  0.000000E+00
  0.000000E+00  0.000000E+00  0.000000E+00  1.137101E+04  0.000000E+00
  0.000000E+00  0.000000E+00  9.000000E+01  9.000000E+01  9.000000E+01
  0.000000E+00  5.515723E-02  0.000000E+00  4.899152E-03  1.465711E-03
 -1.278308E-01 -8.521894E-03 -2.684616E-01 -8.521894E-03  8.582308E-02
  3.225641E-01 -2.684616E-01  3.225641E-01  2.074794E-01  2.248708E+01
  0.000000E+00  0.000000E+00  0.000000E+00  2.248708E+01  0.000000E+00
  0.000000E+00  0.000000E+00  2.248708E+01  3.966502E-01
      8400  8.400000E+00        49
 -1.924705E+03  1.046167E+01 -1.925396E+03  2.324993E+02 -2.157896E+03
  0.000000E+00  0.000000E+00  0.000000E+00  0.000000E+00 -1.924705E+03
  0.000000E+00 -2.964451E+00 -2.147577E+03  2.144612E+03  0.000000E+00
  0.000000E+00  0.000000E+00  0.000000E+00  1.137176E+04  0.000000E+00
  0.000000E+00  0.000000E+00  9.000000E+01  9.000000E+01  9.000000E+01
  0.000000E+00  2.014574E-01  0.000000E+00  5.075267E-03  1.506421E-03
  3.337074E-02 -1.497587E-01  8.622019E-02 -1.497587E-01  2.112186E-01
 -1.934095E-01  8.622019E-02 -1.934095E-01  3.597828E-01  2.248757E+01
  0.000000E+00  0.000000E+00  0.000000E+00  2.248757E+01  0.000000E+00
  0.000000E+00  0.000000E+00  2.248757E+01  1.448828E+00
      8500  8.500000E+00        49
 -1.925815E+03  9.552139E+00 -1.926446E+03  2.316811E+02 -2.158127E+03
  0.000000E+00  0.000000E+00  0.000000E+00  0.000000E+00 -1.925815E+03
  0.000000E+00  5.470092E+00 -2.139771E+03  2.145241E+03  0.000000E+00
  0.000000E+00  0.000000E+00  0.000000E+00  1.136995E+04  0.000000E+00
  0.000000E+00  0.000000E+00  9.000000E+01  9.000000E+01  9.000000E+01
  0.000000E+00 -1.950795E-01  0.000000E+00  5.341150E-03  1.698698E-03
 -3.582099E-01 -1.190048E-01  4.449877E-01 -1.190048E-01 -1.355797E-01
  2.550333E-01  4.449877E-01  2.550333E-01 -9.144893E-02  2.248638E+01
  0.000000E+00  0.000000E+00  0.000000E+00  2.248638E+01  0.000000E+00
  0.000000E+00  0.000000E+00  2.248638E+01 -1.402737E+00
      8600  8.600000E+00        49
 -1.925471E+03  9.912918E+00 -1.926126E+03  2.319238E+02 -2.158050E+03
  0.000000E+00  0.000000E+00  0.000000E+00  0.000000E+00 -1.925471E+03
  0.000000E+00  3.009524E+00 -2.142119E+03  2.145128E+03  0.000000E+00
  0.000000E+00  0.000000E+00  0.000000E+00  1.137064E+04  0.000000E+00
  0.000000E+00  0.000000E+00  9.000000E+01  9.000000E+01  9.000000E+01
  0.000000E+00 -7.880115E-02  0.000000E+00  4.099887E-03  1.564962E-03
 -3.065621E-01  1.910647E-01 -2.655498E-01  1.910647E-01 -1.934357E-01
 -2.105696E-01 -2.655498E-01 -2.105696E-01  2.635944E-01  2.248683E+01
  0.000000E+00  0.000000E+00  0.000000E+00  2.248683E+01  0.000000E+00
  0.000000E+00  0.000000E+00  2.248683E+01 -5.666610E-01
      8700  8.700000E+00        49
 -1.925455E+03  9.951439E+00 -1.926112E+03  2.319322E+02 -2.158045E+03
  0.000000E+00  0.000000E+00  0.000000E+00  0.000000E+00 -1.925455E+03
  0.000000E+00  2.741397E+00 -2.142200E+03  2.144941E+03  0.000000E+00
  0.000000E+00  0.000000E+00  0.000000E+00  1.137027E+04  0.000000E+00
  0.000000E+00  0.000000E+00  9.000000E+01  9.000000E+01  9.000000E+01
  0.000000E+00 -6.613862E-02  0.000000E+00  5.750224E-03  1.520298E-03
 -2.083792E-01  1.844473E-01  9.882763E-02  1.844473E-01 -9.659804E-02
 -3.755863E-01  9.882763E-02 -3.755863E-01  1.065614E-01  2.248659E+01
  0.000000E+00  0.000000E+00  0.000000E+00  2.248659E+01  0.000000E+00
  0.000000E+00  0.000000E+00  2.248659E+01 -4.755891E-01
      8800  8.800000E+00        49
 -1.924653E+03  1.030558E+01 -1.925333E+03  2.327925E+02 -2.158126E+03
  0.000000E+00  0.000000E+00  0.000000E+00  0.000000E+00 -1.924653E+03
  0.000000E+00 -5.044570E+00 -2.149976E+03  2.144932E+03  0.000000E+00
  0.000000E+00  0.000000E+00  0.000000E+00  1.136901E+04  0.000000E+00
  0.000000E+00  0.000000E+00  9.000000E+01  9.000000E+01  9.000000E+01
  0.000000E+00  2.969860E-01  0.000000E+00  5.772096E-03  1.284633E-03
  2.866990E-01  4.014071E-02  1.477691E-01  4.014071E-02  2.514909E-01
  3.274420E-01  1.477691E-01  3.274420E-01  3.527682E-01  2.248576E+01
  0.000000E+00  0.000000E+00  0.000000E+00  2.248576E+01  0.000000E+00
  0.000000E+00  0.000000E+00  2.248576E+01  2.135328E+00
      8900  8.900000E+00        49
 -1.926102E+03  9.545274E+00 -1.926733E+03  2.314327E+02 -2.158166E+03
  0.000000E+00  0.000000E+00  0.000000E+00  0.000000E+00 -1.926102E+03
  0.000000E+00  7.836242E+00 -2.137497E+03  2.145333E+03  0.000000E+00
  0.000000E+00  0.000000E+00  0.000000E+00  1.136917E+04  0.000000E+00
  0.000000E+00  0.000000E+00  9.000000E+01  9.000000E+01  9.000000E+01
  0.000000E+00 -3.048298E-01  0.000000E+00  3.567614E-03  1.460857E-03
 -2.812077E-01 -6.807918E-02  3.331046E-02 -6.807918E-02 -1.154410E-01
 -2.780227E-01  3.331046E-02 -2.780227E-01 -5.178408E-01  2.248586E+01
  0.000000E+00  0.000000E+00  0.000000E+00  2.248586E+01  0.000000E+00
  0.000000E+00  0.000000E+00  2.248586E+01 -2.191756E+00
      9000  9.000000E+00        49
 -1.926066E+03  1.019866E+01 -1.926740E+03  2.312525E+02 -2.157992E+03
  0.000000E+00  0.000000E+00  0.000000E+00  0.000000E+00 -1.926066E+03
  0.000000E+00  9.317793E+00 -2.136109E+03  2.145427E+03  0.000000E+00
  0.000000E+00  0.000000E+00  0.000000E+00  1.137210E+04  0.000000E+00
  0.000000E+00  0.000000E+00  9.000000E+01  9.000000E+01  9.000000E+01
  0.000000E+00 -3.694176E-01  0.000000E+00  4.514352E-03  1.450310E-03
 -6.212664E-02  2.982113E-02  2.570454E-01  2.982113E-02 -3.726616E-01
 -2.799877E-01  2.570454E-01 -2.799877E-01 -6.734647E-01  2.248780E+01
  0.000000E+00  0.000000E+00  0.000000E+00  2.248780E+01  0.000000E+00
  0.000000E+00  0.000000E+00  2.248780E+01 -2.656834E+00
      9100  9.100000E+00        49
 -1.924472E+03  1.058612E+01 -1.925171E+03  2.328701E+02 -2.158041E+03
  0.000000E+00  0.000000E+00  0.000000E+00  0.000000E+00 -1.924472E+03
  0.000000E+00 -6.096957E+00 -2.150795E+03  2.144698E+03  0.000000E+00
  0.000000E+00  0.000000E+00  0.000000E+00  1.137005E+04  0.000000E+00
  0.000000E+00  0.000000E+00  9.000000E+01  9.000000E+01  9.000000E+01
  0.000000E+00  3.474617E-01  0.000000E+00  5.515195E-03  1.649655E-03
  2.623148E-01  5.986327E-03  4.613559E-02  5.986327E-03  6.671391E-01
  7.024725E-02  4.613559E-02  7.024725E-02  1.129314E-01  2.248644E+01
  0.000000E+00  0.000000E+00  0.000000E+00  2.248644E+01  0.000000E+00
  0.000000E+00  0.000000E+00  2.248644E+01  2.498477E+00
      9200  9.200000E+00        49
 -1.924893E+03  9.864163E+00 -1.925545E+03  2.323230E+02 -2.157868E+03
  0.000000E+00  0.000000E+00  0.000000E+00  0.000000E+00 -1.924893E+03
  0.000000E+00 -1.084643E+00 -2.145869E+03  2.144785E+03  0.000000E+00
  0.000000E+00  0.000000E+00  0.000000E+00  1.137352E+04  0.000000E+00
  0.000000E+00  0.000000E+00  9.000000E+01  9.000000E+01  9.000000E+01
  0.000000E+00  1.106536E-01  0.000000E+00  5.526646E-03  1.532122E-03
  1.266791E-01 -1.076487E-01 -1.486924E-01 -1.076487E-01  8.588818E-02
 -1.798457E-01 -1.486924E-01 -1.798457E-01  1.193934E-01  2.248873E+01
  0.000000E+00  0.000000E+00  0.000000E+00  2.248873E+01  0.000000E+00
  0.000000E+00  0.000000E+00  2.248873E+01  7.959145E-01
      9300  9.300000E+00        49
 -1.925006E+03  1.014643E+01 -1.925676E+03  2.322403E+02 -2.157917E+03
  0.000000E+00  0.000000E+00  0.000000E+00  0.000000E+00 -1.925006E+03
  0.000000E+00 -2.529815E-01 -2.145120E+03  2.144867E+03  0.000000E+00
  0.000000E+00  0.000000E+00  0.000000E+00  1.137269E+04  0.000000E+00
  0.000000E+00  0.000000E+00  9.000000E+01  9.000000E+01  9.000000E+01
  0.000000E+00  7.384592E-02  0.000000E+00  4.934374E-03  1.587909E-03
  2.368320E-01  1.402934E-01  8.148067E-02  1.402934E-01  3.673862E-02
  7.410404E-02  8.148067E-02  7.410404E-02 -5.203284E-02  2.248818E+01
  0.000000E+00  0.000000E+00  0.000000E+00  2.248818E+01  0.000000E+00
  0.000000E+00  0.000000E+00  2.248818E+01  5.311236E-01
      9400  9.400000E+00        49
 -1.924899E+03  1.023929E+01 -1.925575E+03  2.322181E+02 -2.157793E+03
  0.000000E+00  0.000000E+00  0.000000E+00  0.000000E+00 -1.924899E+03
  0.000000E+00 -2.340304E-01 -2.145050E+03  2.144816E+03  0.000000E+00
  0.000000E+00  0.000000E+00  0.000000E+00  1.137443E+04  0.000000E+00
  0.000000E+00  0.000000E+00  9.000000E+01  9.000000E+01  9.000000E+01
  0.000000E+00  7.352487E-02  0.000000E+00  4.582378E-03  1.374114E-03
  1.931995E-01  1.781774E-01 -3.298816E-01  1.781774E-01  1.845296E-02
  7.732957E-02 -3.298816E-01  7.732957E-02  8.922149E-03  2.248933E+01
  0.000000E+00  0.000000E+00  0.000000E+00  2.248933E+01  0.000000E+00
  0.000000E+00  0.000000E+00  2.248933E+01  5.288957E-01
      9500  9.500000E+00        49
 -1.925595E+03  1.014666E+01 -1.926265E+03  2.315070E+02 -2.157772E+03
  0.000000E+00  0.000000E+00  0.000000E+00  0.000000E+00 -1.925595E+03
  0.000000E+00  6.385682E+00 -2.138578E+03  2.144963E+03  0.000000E+00
  0.000000E+00  0.000000E+00  0.000000E+00  1.137551E+04  0.000000E+00
  0.000000E+00  0.000000E+00  9.000000E+01  9.000000E+01  9.000000E+01
  0.000000E+00 -2.337682E-01  0.000000E+00  4.413912E-03  1.289253E-03
 -9.030205E-02 -2.216536E-01  1.345448E-01 -2.216536E-01 -1.908402E-01
  2.118583E-01  1.345448E-01  2.118583E-01 -4.201623E-01  2.249005E+01
  0.000000E+00  0.000000E+00  0.000000E+00  2.249005E+01  0.000000E+00
  0.000000E+00  0.000000E+00  2.249005E+01 -1.681754E+00
      9600  9.600000E+00        49
 -1.925634E+03  1.007460E+01 -1.926300E+03  2.315255E+02 -2.157825E+03
  0.000000E+00  0.000000E+00  0.000000E+00  0.000000E+00 -1.925634E+03
  0.000000E+00  6.131396E+00 -2.138665E+03  2.144796E+03  0.000000E+00
  0.000000E+00  0.000000E+00  0.000000E+00  1.137457E+04  0.000000E+00
  0.000000E+00  0.000000E+00  9.000000E+01  9.000000E+01  9.000000E+01
  0.000000E+00 -2.224457E-01  0.000000E+00  5.193989E-03  1.482213E-03
 -1.710099E-01 -2.282773E-02 -1.471938E-01 -2.282773E-02 -4.867058E-02
  2.312081E-01 -1.471938E-01  2.312081E-01 -4.476565E-01  2.248942E+01
  0.000000E+00  0.000000E+00  0.000000E+00  2.248942E+01  0.000000E+00
  0.000000E+00  0.000000E+00  2.248942E+01 -1.600165E+00
      9700  9.700000E+00        49
 -1.925531E+03  1.038736E+01 -1.926217E+03  2.315295E+02 -2.157747E+03
  0.000000E+00  0.000000E+00  0.000000E+00  0.000000E+00 -1.925531E+03
  0.000000E+00  5.995478E+00 -2.138886E+03  2.144882E+03  0.000000E+00
  0.000000E+00  0.000000E+00  0.000000E+00  1.137489E+04  0.000000E+00
  0.000000E+00  0.000000E+00  9.000000E+01  9.000000E+01  9.000000E+01
  0.000000E+00 -2.142269E-01  0.000000E+00  5.165321E-03  1.536821E-03
 -1.974734E-01  7.839823E-02  8.477134E-02  7.839823E-02 -5.134577E-01
  1.109608E-01  8.477134E-02  1.109608E-01  6.825022E-02  2.248963E+01
  0.000000E+00  0.000000E+00  0.000000E+00  2.248963E+01  0.000000E+00
  0.000000E+00  0.000000E+00  2.248963E+01 -1.541087E+00
      9800  9.800000E+00        49
 -1.924447E+03  9.799458E+00 -1.925094E+03  2.326980E+02 -2.157792E+03
  0.000000E+00  0.000000E+00  0.000000E+00  0.000000E+00 -1.924447E+03
  0.000000E+00 -4.499381E+00 -2.149373E+03  2.144874E+03  0.000000E+00
  0.000000E+00  0.000000E+00  0.000000E+00  1.137454E+04  0.000000E+00
  0.000000E+00  0.000000E+00  9.000000E+01  9.000000E+01  9.000000E+01
  0.000000E+00  2.684803E-01  0.000000E+00  5.371775E-03  1.561014E-03
  4.070774E-01 -1.524061E-01 -3.336788E-01 -1.524061E-01  7.765411E-02
  3.373066E-01 -3.336788E-01  3.373066E-01  3.207092E-01  2.248940E+01
  0.000000E+00  0.000000E+00  0.000000E+00  2.248940E+01  0.000000E+00
  0.000000E+00  0.000000E+00  2.248940E+01  1.931311E+00
      9900  9.900000E+00        49
 -1.926216E+03  9.588542E+00 -1.926850E+03  2.310979E+02 -2.157948E+03
  0.000000E+00  0.000000E+00  0.000000E+00  0.000000E+00 -1.926216E+03
  0.000000E+00  1.050118E+01 -2.134663E+03  2.145164E+03  0.000000E+00
  0.000000E+00  0.000000E+00  0.000000E+00  1.137222E+04  0.000000E+00
  0.000000E+00  0.000000E+00  9.000000E+01  9.000000E+01  9.000000E+01
  0.000000E+00 -4.279968E-01  0.000000E+00  4.405570E-03  1.652302E-03
 -6.597200E-01 -2.743098E-02 -2.968725E-01 -2.743098E-02 -4.324330E-01
 -4.368606E-01 -2.968725E-01 -4.368606E-01 -1.918373E-01  2.248787E+01
  0.000000E+00  0.000000E+00  0.000000E+00  2.248787E+01  0.000000E+00
  0.000000E+00  0.000000E+00  2.248787E+01 -3.078163E+00
     10000  1.000000E+01        49
 -1.925525E+03  9.849186E+00 -1.926176E+03  2.317914E+02 -2.157967E+03
  0.000000E+00  0.000000E+00  0.000000E+00  0.000000E+00 -1.925525E+03
  0.000000E+00  4.109535E+00 -2.140975E+03  2.145084E+03  0.000000E+00
  0.000000E+00  0.000000E+00  0.000000E+00  1.137191E+04  0.000000E+00
  0.000000E+00  0.000000E+00  9.000000E+01  9.000000E+01  9.000000E+01
  0.000000E+00 -1.301668E-01  0.000000E+00  4.777395E-03  1.585090E-03
 -2.005752E-01 -1.924096E-02 -1.429886E-01 -1.924096E-02  1.414695E-01
  2.189775E-01 -1.429886E-01  2.189775E-01 -3.313946E-01  2.248767E+01
  0.000000E+00  0.000000E+00  0.000000E+00  2.248767E+01  0.000000E+00
  0.000000E+00  0.000000E+00  2.248767E+01 -9.361375E-01
