nacl                                                                    
 ENERGY UNITS = electron Volts
         0  0.000000E+00        49
 -1.899635E+03  3.000000E+02 -1.919451E+03  2.462633E+02 -2.165714E+03
  0.000000E+00  0.000000E+00  0.000000E+00  0.000000E+00 -1.899635E+03
  0.000000E+00 -1.179132E+02 -2.266490E+03  2.148577E+03  0.000000E+00
  0.000000E+00  0.000000E+00  0.000000E+00  1.123942E+04  0.000000E+00
  0.000000E+00  0.000000E+00  9.000000E+01  9.000000E+01  9.000000E+01
  0.000000E+00  7.388087E+00  0.000000E+00  0.000000E+00  0.000000E+00
  7.436948E+00 -3.317975E-02  2.505250E-02 -3.317975E-02  7.346372E+00
  6.635225E-02  2.505250E-02  6.635225E-02  7.380941E+00  2.240000E+01
  0.000000E+00  0.000000E+00  0.000000E+00  2.240000E+01  0.000000E+00
  0.000000E+00  0.000000E+00  2.240000E+01  5.251485E+01
       100  1.000000E-01        49
 -1.899867E+03  3.000000E+02 -1.919683E+03  2.569666E+02 -2.176649E+03
  0.000000E+00  0.000000E+00  0.000000E+00  0.000000E+00 -1.899867E+03
  0.000000E+00 -8.420998E+01 -2.253438E+03  2.169228E+03  0.000000E+00
  0.000000E+00  0.000000E+00  0.000000E+00  1.142172E+04  0.000000E+00
  0.000000E+00  0.000000E+00  9.000000E+01  9.000000E+01  9.000000E+01
  0.000000E+00  5.714875E+00  0.000000E+00  2.336483E-01  6.871466E-02
  7.063926E+00  5.412589E-01  2.481819E-01  5.412589E-01  5.320823E+00
  2.767329E-01  2.481819E-01  2.767329E-01  4.759875E+00  2.252046E+01
  0.000000E+00  0.000000E+00  0.000000E+00  2.252046E+01  0.000000E+00
  0.000000E+00  0.000000E+00  2.252046E+01  4.128045E+01
       200  2.000000E-01        49
 -1.916802E+03  3.000000E+02 -1.936618E+03  2.260298E+02 -2.162647E+03
  0.000000E+00  0.000000E+00  0.000000E+00  0.000000E+00 -1.916802E+03
  0.000000E+00  1.112661E+02 -2.043869E+03  2.155135E+03  0.000000E+00
  0.000000E+00  0.000000E+00  0.000000E+00  1.142318E+04  0.000000E+00
  0.000000E+00  0.000000E+00  9.000000E+01  9.000000E+01  9.000000E+01
  0.000000E+00 -3.305290E+00  0.000000E+00  9.717547E-02  5.144880E-02
 -3.072123E+00 -3.639388E-01  1.799516E-01 -3.639388E-01 -3.435853E+00
  1.885967E-01  1.799516E-01  1.885967E-01 -3.407893E+00  2.252142E+01
  0.000000E+00  0.000000E+00  0.000000E+00  2.252142E+01  0.000000E+00
  0.000000E+00  0.000000E+00  2.252142E+01 -2.387826E+01
       300  3.000000E-01        49
 -1.915741E+03  3.000000E+02 -1.935557E+03  2.354611E+02 -2.171018E+03
  0.000000E+00  0.000000E+00  0.000000E+00  0.000000E+00 -1.915741E+03
  0.000000E+00  4.552905E+01 -2.118801E+03  2.164330E+03  0.000000E+00
  0.000000E+00  0.000000E+00  0.000000E+00  1.129841E+04  0.000000E+00
  0.000000E+00  0.000000E+00  9.000000E+01  9.000000E+01  9.000000E+01
  0.000000E+00 -2.751298E-01  0.000000E+00  8.049112E-02  2.788576E-02
 -4.677489E-01  1.891613E-01  7.123026E-01  1.891613E-01 -2.877526E-01
  1.490871E-01  7.123026E-01  1.490871E-01 -6.988786E-02  2.243912E+01
  0.000000E+00  0.000000E+00  0.000000E+00  2.243912E+01  0.000000E+00
  0.000000E+00  0.000000E+00  2.243912E+01 -1.965899E+00
       400  4.000000E-01        49
 -1.913180E+03  3.000000E+02 -1.932995E+03  2.375345E+02 -2.170530E+03
  0.000000E+00  0.000000E+00  0.000000E+00  0.000000E+00 -1.913180E+03
  0.000000E+00  3.182685E+01 -2.131817E+03  2.163644E+03  0.000000E+00
  0.000000E+00  0.000000E+00  0.000000E+00  1.131506E+04  0.000000E+00
  0.000000E+00  0.000000E+00  9.000000E+01  9.000000E+01  9.000000E+01
  0.000000E+00  3.635478E-01  0.000000E+00  9.465407E-02  4.913470E-02
  5.052752E-01  1.197352E-01 -3.050864E-01  1.197352E-01  5.388415E-02
  5.492994E-01 -3.050864E-01  5.492994E-01  5.314841E-01  2.245013E+01
  0.000000E+00  0.000000E+00  0.000000E+00  2.245013E+01  0.000000E+00
  0.000000E+00  0.000000E+00  2.245013E+01  2.601503E+00
       500  5.000000E-01        49
 -1.914762E+03  3.000000E+02 -1.934578E+03  2.361016E+02 -2.170680E+03
  0.000000E+00  0.000000E+00  0.000000E+00  0.000000E+00 -1.914762E+03
  0.000000E+00  4.108733E+01 -2.122408E+03  2.163496E+03  0.000000E+00
  0.000000E+00  0.000000E+00  0.000000E+00  1.130997E+04  0.000000E+00
  0.000000E+00  0.000000E+00  9.000000E+01  9.000000E+01  9.000000E+01
  0.000000E+00 -6.785235E-02  0.000000E+00  9.421107E-02  4.096602E-02
 -5.108451E-03 -2.616182E-01 -4.067360E-01 -2.616182E-01 -4.701284E-01
 -9.444240E-02 -4.067360E-01 -9.444240E-02  2.716798E-01  2.244677E+01
  0.000000E+00  0.000000E+00  0.000000E+00  2.244677E+01  0.000000E+00
  0.000000E+00  0.000000E+00  2.244677E+01 -4.853248E-01
       600  6.000000E-01        49
 -1.913525E+03  3.000000E+02 -1.933341E+03  2.355242E+02 -2.168865E+03
  0.000000E+00  0.000000E+00  0.000000E+00  0.000000E+00 -1.913525E+03
  0.000000E+00  4.395668E+01 -2.117921E+03  2.161877E+03  0.000000E+00
  0.000000E+00  0.000000E+00  0.000000E+00  1.131104E+04  0.000000E+00
  0.000000E+00  0.000000E+00  9.000000E+01  9.000000E+01  9.000000E+01
  0.000000E+00 -2.015528E-01  0.000000E+00  9.653937E-02  3.867862E-02
 -5.733617E-01 -1.965228E-01  1.460870E-02 -1.965228E-01  1.323112E-01
  4.209745E-01  1.460870E-02  4.209745E-01 -1.636081E-01  2.244748E+01
  0.000000E+00  0.000000E+00  0.000000E+00  2.244748E+01  0.000000E+00
  0.000000E+00  0.000000E+00  2.244748E+01 -1.441775E+00
       700  7.000000E-01        49
 -1.914415E+03  3.000000E+02 -1.934230E+03  2.360346E+02 -2.170265E+03
  0.000000E+00  0.000000E+00  0.000000E+00  0.000000E+00 -1.914415E+03
  0.000000E+00  3.854097E+01 -2.124490E+03  2.163031E+03  0.000000E+00
  0.000000E+00  0.000000E+00  0.000000E+00  1.131239E+04  0.000000E+00
  0.000000E+00  0.000000E+00  9.000000E+01  9.000000E+01  9.000000E+01
  0.000000E+00  5.080419E-02  0.000000E+00  8.189224E-02  3.421930E-02
  5.556793E-01  1.074543E-01 -2.648220E-01  1.074543E-01 -2.176736E-01
  3.677960E-01 -2.648220E-01  3.677960E-01 -1.855931E-01  2.244837E+01
  0.000000E+00  0.000000E+00  0.000000E+00  2.244837E+01  0.000000E+00
  0.000000E+00  0.000000E+00  2.244837E+01  3.634626E-01
       800  8.000000E-01        49
 -1.915884E+03  3.000000E+02 -1.935700E+03  2.345826E+02 -2.170283E+03
  0.000000E+00  0.000000E+00  0.000000E+00  0.000000E+00 -1.915884E+03
  0.000000E+00  5.348722E+01 -2.110094E+03  2.163581E+03  0.000000E+00
  0.000000E+00  0.000000E+00  0.000000E+00  1.130320E+04  0.000000E+00
  0.000000E+00  0.000000E+00  9.000000E+01  9.000000E+01  9.000000E+01
  0.000000E+00 -6.461075E-01  0.000000E+00  8.643429E-02  4.140491E-02
 -5.096029E-01  2.317151E-01 -2.474286E-01  2.317151E-01 -1.045297E+00
  2.857095E-01 -2.474286E-01  2.857095E-01 -3.834228E-01  2.244229E+01
  0.000000E+00  0.000000E+00  0.000000E+00  2.244229E+01  0.000000E+00
  0.000000E+00  0.000000E+00  2.244229E+01 -4.618622E+00
       900  9.000000E-01        49
 -1.913480E+03  3.000000E+02 -1.933295E+03  2.379856E+02 -2.171281E+03
  0.000000E+00  0.000000E+00  0.000000E+00  0.000000E+00 -1.913480E+03
  0.000000E+00  2.790665E+01 -2.136496E+03  2.164403E+03  0.000000E+00
  0.000000E+00  0.000000E+00  0.000000E+00  1.130819E+04  0.000000E+00
  0.000000E+00  0.000000E+00  9.000000E+01  9.000000E+01  9.000000E+01
  0.000000E+00  5.464895E-01  0.000000E+00  9.278989E-02  4.054728E-02
  1.144947E-01  1.748994E-01 -1.087470E-01  1.748994E-01  8.742649E-01
  2.707219E-01 -1.087470E-01  2.707219E-01  6.507089E-01  2.244559E+01
  0.000000E+00  0.000000E+00  0.000000E+00  2.244559E+01  0.000000E+00
  0.000000E+00  0.000000E+00  2.244559E+01  3.908237E+00
      1000  1.000000E+00        49
 -1.916052E+03  3.000000E+02 -1.935868E+03  2.328332E+02 -2.168701E+03
  0.000000E+00  0.000000E+00  0.000000E+00  0.000000E+00 -1.916052E+03
  0.000000E+00  6.341149E+01 -2.098272E+03  2.161684E+03  0.000000E+00
  0.000000E+00  0.000000E+00  0.000000E+00  1.131347E+04  0.000000E+00
  0.000000E+00  0.000000E+00  9.000000E+01  9.000000E+01  9.000000E+01
  0.000000E+00 -1.107876E+00  0.000000E+00  7.341613E-02  3.662435E-02
 -3.554791E-01  1.523122E-01  1.882343E-01  1.523122E-01 -1.464576E+00
 -6.240628E-02  1.882343E-01 -6.240628E-02 -1.503572E+00  2.244909E+01
  0.000000E+00  0.000000E+00  0.000000E+00  2.244909E+01  0.000000E+00
  0.000000E+00  0.000000E+00  2.244909E+01 -7.926712E+00
      1100  1.100000E+00        49
 -1.913581E+03  3.000000E+02 -1.933396E+03  2.377196E+02 -2.171116E+03
  0.000000E+00  0.000000E+00  0.000000E+00  0.000000E+00 -1.913581E+03
  0.000000E+00  2.934603E+01 -2.135069E+03  2.164415E+03  0.000000E+00
  0.000000E+00  0.000000E+00  0.000000E+00  1.129813E+04  0.000000E+00
  0.000000E+00  0.000000E+00  9.000000E+01  9.000000E+01  9.000000E+01
  0.000000E+00  4.798266E-01  0.000000E+00  8.361084E-02  3.939507E-02
  3.490777E-01  3.065146E-01 -3.871127E-01  3.065146E-01 -1.384605E-01
 -3.687019E-01 -3.871127E-01 -3.687019E-01  1.228863E+00  2.243893E+01
  0.000000E+00  0.000000E+00  0.000000E+00  2.243893E+01  0.000000E+00
  0.000000E+00  0.000000E+00  2.243893E+01  3.428443E+00
      1200  1.200000E+00        49
 -1.913681E+03  3.000000E+02 -1.933496E+03  2.363977E+02 -2.169894E+03
  0.000000E+00  0.000000E+00  0.000000E+00  0.000000E+00 -1.913681E+03
  0.000000E+00  3.772112E+01 -2.125210E+03  2.162931E+03  0.000000E+00
  0.000000E+00  0.000000E+00  0.000000E+00  1.130196E+04  0.000000E+00
  0.000000E+00  0.000000E+00  9.000000E+01  9.000000E+01  9.000000E+01
  0.000000E+00  8.908532E-02  0.000000E+00  8.555882E-02  4.185141E-02
  6.695788E-02  2.314189E-01 -2.702447E-01  2.314189E-01  5.166491E-01
  2.755179E-01 -2.702447E-01  2.755179E-01 -3.163510E-01  2.244146E+01
  0.000000E+00  0.000000E+00  0.000000E+00  2.244146E+01  0.000000E+00
  0.000000E+00  0.000000E+00  2.244146E+01  6.367453E-01
      1300  1.300000E+00        49
 -1.914318E+03  3.000000E+02 -1.934134E+03  2.363302E+02 -2.170464E+03
  0.000000E+00  0.000000E+00  0.000000E+00  0.000000E+00 -1.914318E+03
  0.000000E+00  3.714908E+01 -2.126062E+03  2.163211E+03  0.000000E+00
  0.000000E+00  0.000000E+00  0.000000E+00  1.130848E+04  0.000000E+00
  0.000000E+00  0.000000E+00  9.000000E+01  9.000000E+01  9.000000E+01
  0.000000E+00  1.156962E-01  0.000000E+00  7.871500E-02  3.409481E-02
  6.504610E-01 -8.890302E-02  1.118281E-01 -8.890302E-02 -3.586247E-01
  3.068874E-01  1.118281E-01  3.068874E-01  5.525239E-02  2.244578E+01
  0.000000E+00  0.000000E+00  0.000000E+00  2.244578E+01  0.000000E+00
  0.000000E+00  0.000000E+00  2.244578E+01  8.274265E-01
      1400  1.400000E+00        49
 -1.913819E+03  3.000000E+02 -1.933634E+03  2.367143E+02 -2.170349E+03
  0.000000E+00  0.000000E+00  0.000000E+00  0.000000E+00 -1.913819E+03
  0.000000E+00  3.625620E+01 -2.127239E+03  2.163495E+03  0.000000E+00
  0.000000E+00  0.000000E+00  0.000000E+00  1.129937E+04  0.000000E+00
  0.000000E+00  0.000000E+00  9.000000E+01  9.000000E+01  9.000000E+01
  0.000000E+00  1.574392E-01  0.000000E+00  8.588497E-02  3.981744E-02
  2.590002E-01  1.316924E-01  1.187383E-01  1.316924E-01 -1.678510E-01
 -5.808724E-01  1.187383E-01 -5.808724E-01  3.811684E-01  2.243975E+01
  0.000000E+00  0.000000E+00  0.000000E+00  2.243975E+01  0.000000E+00
  0.000000E+00  0.000000E+00  2.243975E+01  1.125054E+00
      1500  1.500000E+00        49
 -1.914116E+03  3.000000E+02 -1.933932E+03  2.362160E+02 -2.170148E+03
  0.000000E+00  0.000000E+00  0.000000E+00  0.000000E+00 -1.914116E+03
  0.000000E+00  4.030723E+01 -2.122962E+03  2.163270E+03  0.000000E+00
  0.000000E+00  0.000000E+00  0.000000E+00  1.130839E+04  0.000000E+00
  0.000000E+00  0.000000E+00  9.000000E+01  9.000000E+01  9.000000E+01
  0.000000E+00 -3.150206E-02  0.000000E+00  8.800380E-02  3.727176E-02
 -2.721807E-01  1.248657E-01  2.016673E-01  1.248657E-01 -1.870065E-01
  6.152667E-01  2.016673E-01  6.152667E-01  3.646810E-01  2.244572E+01
  0.000000E+00  0.000000E+00  0.000000E+00  2.244572E+01  0.000000E+00
  0.000000E+00  0.000000E+00  2.244572E+01 -2.252919E-01
      1600  1.600000E+00        49
 -1.915908E+03  3.000000E+02 -1.935724E+03  2.349815E+02 -2.170705E+03
  0.000000E+00  0.000000E+00  0.000000E+00  0.000000E+00 -1.915908E+03
  0.000000E+00  4.781765E+01 -2.115723E+03  2.163541E+03  0.000000E+00
  0.000000E+00  0.000000E+00  0.000000E+00  1.129952E+04  0.000000E+00
  0.000000E+00  0.000000E+00  9.000000E+01  9.000000E+01  9.000000E+01
  0.000000E+00 -3.818566E-01  0.000000E+00  6.308647E-02  3.287597E-02
  1.592141E-01 -2.266446E-01  1.062371E-01 -2.266446E-01 -1.032570E+00
  5.128539E-01  1.062371E-01  5.128539E-01 -2.722141E-01  2.243985E+01
  0.000000E+00  0.000000E+00  0.000000E+00  2.243985E+01  0.000000E+00
  0.000000E+00  0.000000E+00  2.243985E+01 -2.728765E+00
      1700  1.700000E+00        49
 -1.912277E+03  3.000000E+02 -1.932093E+03  2.380236E+02 -2.170116E+03
  0.000000E+00  0.000000E+00  0.000000E+00  0.000000E+00 -1.912277E+03
  0.000000E+00  2.423122E+01 -2.138743E+03  2.162974E+03  0.000000E+00
  0.000000E+00  0.000000E+00  0.000000E+00  1.129205E+04  0.000000E+00
  0.000000E+00  0.000000E+00  9.000000E+01  9.000000E+01  9.000000E+01
  0.000000E+00  7.188270E-01  0.000000E+00  8.925868E-02  4.002996E-02
  3.888898E-01  2.293693E-01  8.431475E-01  2.293693E-01  8.083476E-01
 -3.281873E-02  8.431475E-01 -3.281873E-02  9.592437E-01  2.243491E+01
  0.000000E+00  0.000000E+00  0.000000E+00  2.243491E+01  0.000000E+00
  0.000000E+00  0.000000E+00  2.243491E+01  5.133378E+00
      1800  1.800000E+00        49
 -1.914115E+03  3.000000E+02 -1.933931E+03  2.356855E+02 -2.169617E+03
  0.000000E+00  0.000000E+00  0.000000E+00  0.000000E+00 -1.914115E+03
  0.000000E+00  4.195451E+01 -2.120375E+03  2.162329E+03  0.000000E+00
  0.000000E+00  0.000000E+00  0.000000E+00  1.131729E+04  0.000000E+00
  0.000000E+00  0.000000E+00  9.000000E+01  9.000000E+01  9.000000E+01
  0.000000E+00 -1.081952E-01  0.000000E+00  7.892415E-02  3.991643E-02
 -5.733954E-01  2.715106E-01  9.668885E-02  2.715106E-01 -5.967050E-01
 -5.744299E-02  9.668885E-02 -5.744299E-02  8.455147E-01  2.245161E+01
  0.000000E+00  0.000000E+00  0.000000E+00  2.245161E+01  0.000000E+00
  0.000000E+00  0.000000E+00  2.245161E+01 -7.743844E-01
      1900  1.900000E+00        49
 -1.915344E+03  3.000000E+02 -1.935160E+03  2.343949E+02 -2.169555E+03
  0.000000E+00  0.000000E+00  0.000000E+00  0.000000E+00 -1.915344E+03
  0.000000E+00  5.026909E+01 -2.112464E+03  2.162733E+03  0.000000E+00
  0.000000E+00  0.000000E+00  0.000000E+00  1.129692E+04  0.000000E+00
  0.000000E+00  0.000000E+00  9.000000E+01  9.000000E+01  9.000000E+01
  0.000000E+00 -4.963200E-01  0.000000E+00  7.162651E-02  3.171911E-02
  2.381978E-01 -1.568258E-01 -3.586318E-01 -1.568258E-01 -1.153031E+00
  3.173459E-01 -3.586318E-01  3.173459E-01 -5.741267E-01  2.243813E+01
  0.000000E+00  0.000000E+00  0.000000E+00  2.243813E+01  0.000000E+00
  0.000000E+00  0.000000E+00  2.243813E+01 -3.545910E+00
      2000  2.000000E+00        49
 -1.913790E+03  3.000000E+02 -1.933606E+03  2.379041E+02 -2.171510E+03
  0.000000E+00  0.000000E+00  0.000000E+00  0.000000E+00 -1.913790E+03
  0.000000E+00  2.824676E+01 -2.136375E+03  2.164622E+03  0.000000E+00
  0.000000E+00  0.000000E+00  0.000000E+00  1.130288E+04  0.000000E+00
  0.000000E+00  0.000000E+00  9.000000E+01  9.000000E+01  9.000000E+01
  0.000000E+00  5.308862E-01  0.000000E+00  8.299408E-02  3.928230E-02
  9.353556E-01  1.950098E-01  9.686074E-03  1.950098E-01 -1.496871E-01
  4.972339E-02  9.686074E-03  4.972339E-02  8.069900E-01  2.244207E+01
  0.000000E+00  0.000000E+00  0.000000E+00  2.244207E+01  0.000000E+00
  0.000000E+00  0.000000E+00  2.244207E+01  3.794866E+00
      2100  2.100000E+00        49
 -1.914541E+03  3.038203E+02 -1.934609E+03  2.355803E+02 -2.170189E+03
  0.000000E+00  0.000000E+00  0.000000E+00  0.000000E+00 -1.914541E+03
  0.000000E+00  4.575218E+01 -2.117859E+03  2.163611E+03  0.000000E+00
  0.000000E+00  0.000000E+00  0.000000E+00  1.130659E+04  0.000000E+00
  0.000000E+00  0.000000E+00  9.000000E+01  9.000000E+01  9.000000E+01
  0.000000E+00 -2.618058E-01  0.000000E+00  1.929473E-01  9.463574E-02
 -8.021057E-02 -3.565711E-02 -1.205515E-01 -3.565711E-02 -9.422213E-01
 -4.011901E-01 -1.205515E-01 -4.011901E-01  2.370144E-01  2.244453E+01
  0.000000E+00  0.000000E+00  0.000000E+00  2.244453E+01  0.000000E+00
  0.000000E+00  0.000000E+00  2.244453E+01 -1.872049E+00
      2200  2.200000E+00        49
 -1.913923E+03  2.993137E+02 -1.933693E+03  2.364320E+02 -2.170125E+03
  0.000000E+00  0.000000E+00  0.000000E+00  0.000000E+00 -1.913923E+03
  0.000000E+00  3.802338E+01 -2.125131E+03  2.163154E+03  0.000000E+00
  0.000000E+00  0.000000E+00  0.000000E+00  1.130934E+04  0.000000E+00
  0.000000E+00  0.000000E+00  9.000000E+01  9.000000E+01  9.000000E+01
  0.000000E+00  7.071444E-02  0.000000E+00  2.297118E-01  8.058495E-02
  7.906340E-01  2.202475E-02 -5.289746E-02  2.202475E-02 -6.927541E-01
  2.616123E-01 -5.289746E-02  2.616123E-01  1.142634E-01  2.244635E+01
  0.000000E+00  0.000000E+00  0.000000E+00  2.244635E+01  0.000000E+00
  0.000000E+00  0.000000E+00  2.244635E+01  5.057681E-01
      2300  2.300000E+00        49
 -1.914157E+03  3.065498E+02 -1.934405E+03  2.358978E+02 -2.170303E+03
  0.000000E+00  0.000000E+00  0.000000E+00  0.000000E+00 -1.914157E+03
  0.000000E+00  4.161034E+01 -2.121605E+03  2.163215E+03  0.000000E+00
  0.000000E+00  0.000000E+00  0.000000E+00  1.130351E+04  0.000000E+00
  0.000000E+00  0.000000E+00  9.000000E+01  9.000000E+01  9.000000E+01
  0.000000E+00 -5.193192E-02  0.000000E+00  1.328490E-01  8.776758E-02
  2.697211E-01 -2.241792E-01 -6.016930E-03 -2.241792E-01 -9.214040E-01
 -2.558593E-01 -6.016930E-03 -2.558593E-01  4.958871E-01  2.244249E+01
  0.000000E+00  0.000000E+00  0.000000E+00  2.244249E+01  0.000000E+00
  0.000000E+00  0.000000E+00  2.244249E+01 -3.712391E-01
      2400  2.400000E+00        49
 -1.912743E+03  2.987998E+02 -1.932480E+03  2.367425E+02 -2.169222E+03
  0.000000E+00  0.000000E+00  0.000000E+00  0.000000E+00 -1.912743E+03
  0.000000E+00  3.263091E+01 -2.129675E+03  2.162306E+03  0.000000E+00
  0.000000E+00  0.000000E+00  0.000000E+00  1.129938E+04  0.000000E+00
  0.000000E+00  0.000000E+00  9.000000E+01  9.000000E+01  9.000000E+01
  0.000000E+00  3.191496E-01  0.000000E+00  1.450629E-01  8.342804E-02
  5.751943E-01 -2.553871E-01  1.490847E-01 -2.553871E-01 -5.876429E-02
 -9.788111E-02  1.490847E-01 -9.788111E-02  4.410189E-01  2.243976E+01
  0.000000E+00  0.000000E+00  0.000000E+00  2.243976E+01  0.000000E+00
  0.000000E+00  0.000000E+00  2.243976E+01  2.280631E+00
      2500  2.500000E+00        49
 -1.912792E+03  3.002724E+02 -1.932626E+03  2.374297E+02 -2.170055E+03
  0.000000E+00  0.000000E+00  0.000000E+00  0.000000E+00 -1.912792E+03
  0.000000E+00  2.736004E+01 -2.135269E+03  2.162629E+03  0.000000E+00
  0.000000E+00  0.000000E+00  0.000000E+00  1.129394E+04  0.000000E+00
  0.000000E+00  0.000000E+00  9.000000E+01  9.000000E+01  9.000000E+01
  0.000000E+00  5.743681E-01  0.000000E+00  1.781570E-01  6.487139E-02
  5.511172E-01 -1.778693E-01 -4.916423E-02 -1.778693E-01  9.221952E-01
  2.271174E-01 -4.916423E-02  2.271174E-01  2.497920E-01  2.243616E+01
  0.000000E+00  0.000000E+00  0.000000E+00  2.243616E+01  0.000000E+00
  0.000000E+00  0.000000E+00  2.243616E+01  4.102435E+00
      2600  2.600000E+00        49
 -1.914237E+03  3.077346E+02 -1.934564E+03  2.355855E+02 -2.170149E+03
  0.000000E+00  0.000000E+00  0.000000E+00  0.000000E+00 -1.914237E+03
  0.000000E+00  4.484158E+01 -2.118731E+03  2.163572E+03  0.000000E+00
  0.000000E+00  0.000000E+00  0.000000E+00  1.130387E+04  0.000000E+00
  0.000000E+00  0.000000E+00  9.000000E+01  9.000000E+01  9.000000E+01
  0.000000E+00 -1.952987E-01  0.000000E+00  1.496287E-01  6.275058E-02
 -7.099674E-01 -1.022408E-01 -1.271343E-02 -1.022408E-01 -3.645602E-01
  1.474467E-01 -1.271343E-02  1.474467E-01  4.886316E-01  2.244273E+01
  0.000000E+00  0.000000E+00  0.000000E+00  2.244273E+01  0.000000E+00
  0.000000E+00  0.000000E+00  2.244273E+01 -1.396151E+00
      2700  2.700000E+00        49
 -1.914958E+03  3.008532E+02 -1.934830E+03  2.359170E+02 -2.170747E+03
  0.000000E+00  0.000000E+00  0.000000E+00  0.000000E+00 -1.914958E+03
  0.000000E+00  4.468988E+01 -2.119477E+03  2.164167E+03  0.000000E+00
  0.000000E+00  0.000000E+00  0.000000E+00  1.130121E+04  0.000000E+00
  0.000000E+00  0.000000E+00  9.000000E+01  9.000000E+01  9.000000E+01
  0.000000E+00 -2.306671E-01  0.000000E+00  1.491044E-01  8.185372E-02
  3.043913E-01 -1.239239E-01 -2.163843E-01 -1.239239E-01 -9.224732E-01
 -9.428607E-02 -2.163843E-01 -9.428607E-02 -7.391944E-02  2.244097E+01
  0.000000E+00  0.000000E+00  0.000000E+00  2.244097E+01  0.000000E+00
  0.000000E+00  0.000000E+00  2.244097E+01 -1.648606E+00
      2800  2.800000E+00        49
 -1.914896E+03  3.006334E+02 -1.934754E+03  2.351405E+02 -2.169894E+03
  0.000000E+00  0.000000E+00  0.000000E+00  0.000000E+00 -1.914896E+03
  0.000000E+00  4.921781E+01 -2.114045E+03  2.163263E+03  0.000000E+00
  0.000000E+00  0.000000E+00  0.000000E+00  1.131050E+04  0.000000E+00
  0.000000E+00  0.000000E+00  9.000000E+01  9.000000E+01  9.000000E+01
  0.000000E+00 -4.428344E-01  0.000000E+00  1.575410E-01  7.396348E-02
  1.838378E-01 -8.363398E-03  4.493737E-02 -8.363398E-03 -1.121361E+00
  3.464550E-01  4.493737E-02  3.464550E-01 -3.909804E-01  2.244712E+01
  0.000000E+00  0.000000E+00  0.000000E+00  2.244712E+01  0.000000E+00
  0.000000E+00  0.000000E+00  2.244712E+01 -3.167591E+00
      2900  2.900000E+00        49
 -1.913328E+03  3.079304E+02 -1.933668E+03  2.363535E+02 -2.170021E+03
  0.000000E+00  0.000000E+00  0.000000E+00  0.000000E+00 -1.913328E+03
  0.000000E+00  3.660178E+01 -2.126120E+03  2.162722E+03  0.000000E+00
  0.000000E+00  0.000000E+00  0.000000E+00  1.131371E+04  0.000000E+00
  0.000000E+00  0.000000E+00  9.000000E+01  9.000000E+01  9.000000E+01
  0.000000E+00  1.899467E-01  0.000000E+00  1.635884E-01  7.263449E-02
 -2.917094E-01 -3.901156E-01  2.747443E-02 -3.901156E-01  6.955079E-01
  2.675805E-01  2.747443E-02  2.675805E-01  1.660414E-01  2.244924E+01
  0.000000E+00  0.000000E+00  0.000000E+00  2.244924E+01  0.000000E+00
  0.000000E+00  0.000000E+00  2.244924E+01  1.359073E+00
      3000  3.000000E+00        49
 -1.913945E+03  2.804994E+02 -1.932473E+03  2.373317E+02 -2.169805E+03
  0.000000E+00  0.000000E+00  0.000000E+00  0.000000E+00 -1.913945E+03
  0.000000E+00  3.137500E+01 -2.131104E+03  2.162479E+03  0.000000E+00
  0.000000E+00  0.000000E+00  0.000000E+00  1.132083E+04  0.000000E+00
  0.000000E+00  0.000000E+00  9.000000E+01  9.000000E+01  9.000000E+01
  0.000000E+00  2.644605E-01  0.000000E+00  1.791637E-01  8.136495E-02
  5.149599E-02 -1.386377E-03  1.524291E-01 -1.386377E-03  5.249326E-01
  2.298654E-02  1.524291E-01  2.298654E-02  2.169529E-01  2.245395E+01
  0.000000E+00  0.000000E+00  0.000000E+00  2.245395E+01  0.000000E+00
  0.000000E+00  0.000000E+00  2.245395E+01  1.893412E+00
