 Time   Energy   Volume    Temperature
   0.0000000000000000       -1899.6350000000000        11239.420000000000        300.00000000000000     
  0.10000000000000001       -1899.8670000000000        11421.719999999999        300.00000000000000     
  0.20000000000000001       -1916.8019999999999        11423.180000000000        300.00000000000000     
  0.29999999999999999       -1915.7410000000000        11298.410000000000        300.00000000000000     
  0.40000000000000002       -1913.1800000000001        11315.059999999999        300.00000000000000     
  0.50000000000000000       -1914.7619999999999        11309.969999999999        300.00000000000000     
  0.59999999999999998       -1913.5250000000001        11311.040000000001        300.00000000000000     
  0.69999999999999996       -1914.4150000000000        11312.389999999999        300.00000000000000     
  0.80000000000000004       -1915.8840000000000        11303.200000000001        300.00000000000000     
  0.90000000000000002       -1913.4800000000000        11308.190000000001        300.00000000000000     
   1.0000000000000000       -1916.0519999999999        11313.469999999999        300.00000000000000     
   1.1000000000000001       -1913.5809999999999        11298.129999999999        300.00000000000000     
   1.2000000000000000       -1913.6810000000000        11301.959999999999        300.00000000000000     
   1.3000000000000000       -1914.3180000000000        11308.480000000000        300.00000000000000     
   1.3999999999999999       -1913.8190000000000        11299.370000000001        300.00000000000000     
   1.5000000000000000       -1914.1160000000000        11308.389999999999        300.00000000000000     
   1.6000000000000001       -1915.9079999999999        11299.520000000000        300.00000000000000     
   1.7000000000000000       -1912.2770000000000        11292.049999999999        300.00000000000000     
   1.8000000000000000       -1914.1150000000000        11317.290000000001        300.00000000000000     
   1.8999999999999999       -1915.3440000000001        11296.920000000000        300.00000000000000     
   2.0000000000000000       -1913.7900000000000        11302.879999999999        300.00000000000000     
   2.1000000000000001       -1914.5409999999999        11306.590000000000        303.82029999999997     
   2.2000000000000002       -1913.9230000000000        11309.340000000000        299.31369999999998     
   2.2999999999999998       -1914.1569999999999        11303.510000000000        306.54980000000000     
   2.3999999999999999       -1912.7429999999999        11299.379999999999        298.79980000000000     
   2.5000000000000000       -1912.7919999999999        11293.940000000001        300.27240000000000     
   2.6000000000000001       -1914.2370000000001        11303.870000000001        307.73460000000000     
   2.7000000000000002       -1914.9580000000001        11301.209999999999        300.85320000000002     
   2.7999999999999998       -1914.8960000000000        11310.500000000000        300.63339999999999     
   2.8999999999999999       -1913.3280000000000        11313.709999999999        307.93040000000002     
