DL_POLY : Silica glass                                                  
 ENERGY UNITS = electron Volts
         0  0.000000E+00        49
 -1.143859E+04  1.000000E+03 -1.152222E+04  5.641612E+02 -1.208639E+04
  0.000000E+00  0.000000E+00  0.000000E+00  0.000000E+00 -1.143859E+04
  0.000000E+00  7.229597E+00 -1.207878E+04  1.208601E+04  0.000000E+00
  0.000000E+00  0.000000E+00  0.000000E+00  1.014622E+04  0.000000E+00
  0.000000E+00  0.000000E+00  9.000000E+01  9.000000E+01  9.000000E+01
  0.000000E+00  8.313431E+00  0.000000E+00  0.000000E+00  0.000000E+00
  1.979669E+00 -5.255045E-01 -5.629617E+00 -5.255045E-01  9.953119E+00
  2.008977E+00 -5.629617E+00  2.008977E+00  1.300751E+01  2.164885E+01
  0.000000E+00  0.000000E+00  0.000000E+00  2.164885E+01  0.000000E+00
  0.000000E+00  0.000000E+00  2.164885E+01  5.334462E+01
       100  1.000000E-01        49
 -1.137167E+04  1.000000E+03 -1.145530E+04  5.521914E+02 -1.200749E+04
  0.000000E+00  0.000000E+00  0.000000E+00  0.000000E+00 -1.137166E+04
  0.000000E+00  1.751892E+02 -1.183164E+04  1.200683E+04  0.000000E+00
  0.000000E+00  0.000000E+00  0.000000E+00  1.015694E+04  0.000000E+00
  0.000000E+00  0.000000E+00  9.000000E+01  9.000000E+01  9.000000E+01
  0.000000E+00 -4.112938E-01  0.000000E+00  1.432277E-01  2.339627E-01
 -1.231917E+01  4.723074E-01 -3.896986E+00  4.723074E-01  5.104395E+00
  1.900726E+00 -3.896986E+00  1.900726E+00  5.980897E+00  2.165647E+01
  0.000000E+00  0.000000E+00  0.000000E+00  2.165647E+01  0.000000E+00
  0.000000E+00  0.000000E+00  2.165647E+01 -2.641928E+00
       200  2.000000E-01        49
 -1.137800E+04  1.000000E+03 -1.146163E+04  5.671729E+02 -1.202880E+04
  0.000000E+00  0.000000E+00  0.000000E+00  0.000000E+00 -1.137799E+04
  0.000000E+00  9.664072E+01 -1.193136E+04  1.202800E+04  0.000000E+00
  0.000000E+00  0.000000E+00  0.000000E+00  1.026874E+04  0.000000E+00
  0.000000E+00  0.000000E+00  9.000000E+01  9.000000E+01  9.000000E+01
  0.000000E+00  3.624933E+00  0.000000E+00  1.799015E-01  2.973480E-01
 -7.157553E+00 -2.047279E-01 -2.630181E+00 -2.047279E-01  8.336257E+00
 -1.581283E+00 -2.630181E+00 -1.581283E+00  9.696096E+00  2.173564E+01
  0.000000E+00  0.000000E+00  0.000000E+00  2.173564E+01  0.000000E+00
  0.000000E+00  0.000000E+00  2.173564E+01  2.354091E+01
       300  3.000000E-01        49
 -1.138188E+04  1.000000E+03 -1.146551E+04  5.590098E+02 -1.202452E+04
  0.000000E+00  0.000000E+00  0.000000E+00  0.000000E+00 -1.138188E+04
  0.000000E+00  1.564783E+02 -1.186762E+04  1.202410E+04  0.000000E+00
  0.000000E+00  0.000000E+00  0.000000E+00  1.029970E+04  0.000000E+00
  0.000000E+00  0.000000E+00  9.000000E+01  9.000000E+01  9.000000E+01
  0.000000E+00  5.519160E-01  0.000000E+00  1.741342E-01  3.136806E-01
 -7.973045E+00  3.229157E+00 -4.976196E+00  3.229157E+00  7.570065E-01
  9.514801E+00 -4.976196E+00  9.514801E+00  8.871786E+00  2.175746E+01
  0.000000E+00  0.000000E+00  0.000000E+00  2.175746E+01  0.000000E+00
  0.000000E+00  0.000000E+00  2.175746E+01  3.595038E+00
       400  4.000000E-01        49
 -1.137826E+04  1.000000E+03 -1.146190E+04  5.508312E+02 -1.201273E+04
  0.000000E+00  0.000000E+00  0.000000E+00  0.000000E+00 -1.137826E+04
  0.000000E+00  2.119095E+02 -1.180067E+04  1.201258E+04  0.000000E+00
  0.000000E+00  0.000000E+00  0.000000E+00  1.028014E+04  0.000000E+00
  0.000000E+00  0.000000E+00  9.000000E+01  9.000000E+01  9.000000E+01
  0.000000E+00 -2.289056E+00  0.000000E+00  1.965850E-01  3.516882E-01
 -1.148809E+01  6.067935E+00 -2.610651E+00  6.067935E+00  1.408196E+00
  7.575529E+00 -2.610651E+00  7.575529E+00  3.212727E+00  2.174368E+01
  0.000000E+00  0.000000E+00  0.000000E+00  2.174368E+01  0.000000E+00
  0.000000E+00  0.000000E+00  2.174368E+01 -1.488201E+01
       500  5.000000E-01        49
 -1.137463E+04  1.000000E+03 -1.145826E+04  5.649874E+02 -1.202325E+04
  0.000000E+00  0.000000E+00  0.000000E+00  0.000000E+00 -1.137462E+04
  0.000000E+00  1.179416E+02 -1.190510E+04  1.202304E+04  0.000000E+00
  0.000000E+00  0.000000E+00  0.000000E+00  1.030066E+04  0.000000E+00
  0.000000E+00  0.000000E+00  9.000000E+01  9.000000E+01  9.000000E+01
  0.000000E+00  2.523754E+00  0.000000E+00  2.273107E-01  3.718814E-01
 -4.742406E+00  2.860175E+00 -2.700469E+00  2.860175E+00  2.241761E+00
  3.538506E+00 -2.700469E+00  3.538506E+00  1.007191E+01  2.175813E+01
  0.000000E+00  0.000000E+00  0.000000E+00  2.175813E+01  0.000000E+00
  0.000000E+00  0.000000E+00  2.175813E+01  1.644061E+01
       600  6.000000E-01        49
 -1.138061E+04  1.000000E+03 -1.146424E+04  5.671817E+02 -1.203142E+04
  0.000000E+00  0.000000E+00  0.000000E+00  0.000000E+00 -1.138060E+04
  0.000000E+00  1.077015E+02 -1.192345E+04  1.203115E+04  0.000000E+00
  0.000000E+00  0.000000E+00  0.000000E+00  1.034062E+04  0.000000E+00
  0.000000E+00  0.000000E+00  9.000000E+01  9.000000E+01  9.000000E+01
  0.000000E+00  3.035953E+00  0.000000E+00  2.218895E-01  3.854324E-01
 -1.812121E+00 -2.949649E+00 -1.451342E+00 -2.949649E+00  5.215025E+00
  3.596926E+00 -1.451342E+00  3.596926E+00  5.704954E+00  2.178624E+01
  0.000000E+00  0.000000E+00  0.000000E+00  2.178624E+01  0.000000E+00
  0.000000E+00  0.000000E+00  2.178624E+01  1.985399E+01
       700  7.000000E-01        49
 -1.137705E+04  1.000000E+03 -1.146068E+04  5.548617E+02 -1.201554E+04
  0.000000E+00  0.000000E+00  0.000000E+00  0.000000E+00 -1.137704E+04
  0.000000E+00  1.837466E+02 -1.183123E+04  1.201497E+04  0.000000E+00
  0.000000E+00  0.000000E+00  0.000000E+00  1.029828E+04  0.000000E+00
  0.000000E+00  0.000000E+00  9.000000E+01  9.000000E+01  9.000000E+01
  0.000000E+00 -8.436208E-01  0.000000E+00  2.393370E-01  4.208926E-01
 -3.889571E+00 -2.310132E+00 -9.744953E-01 -2.310132E+00  1.518666E-01
 -3.886326E+00 -9.744953E-01 -3.886326E+00  1.206842E+00  2.175646E+01
  0.000000E+00  0.000000E+00  0.000000E+00  2.175646E+01  0.000000E+00
  0.000000E+00  0.000000E+00  2.175646E+01 -5.494371E+00
       800  8.000000E-01        49
 -1.137948E+04  1.000000E+03 -1.146311E+04  5.571545E+02 -1.202027E+04
  0.000000E+00  0.000000E+00  0.000000E+00  0.000000E+00 -1.137947E+04
  0.000000E+00  1.801260E+02 -1.183970E+04  1.201982E+04  0.000000E+00
  0.000000E+00  0.000000E+00  0.000000E+00  1.032803E+04  0.000000E+00
  0.000000E+00  0.000000E+00  9.000000E+01  9.000000E+01  9.000000E+01
  0.000000E+00 -6.564194E-01  0.000000E+00  2.384547E-01  4.232156E-01
 -9.009124E+00 -2.306767E+00 -1.530083E+00 -2.306767E+00  4.420242E+00
  5.829681E+00 -1.530083E+00  5.829681E+00  2.619624E+00  2.177739E+01
  0.000000E+00  0.000000E+00  0.000000E+00  2.177739E+01  0.000000E+00
  0.000000E+00  0.000000E+00  2.177739E+01 -4.287509E+00
       900  9.000000E-01        49
 -1.137849E+04  1.000000E+03 -1.146212E+04  5.769050E+02 -1.203903E+04
  0.000000E+00  0.000000E+00  0.000000E+00  0.000000E+00 -1.137848E+04
  0.000000E+00  4.229991E+01 -1.199634E+04  1.203864E+04  0.000000E+00
  0.000000E+00  0.000000E+00  0.000000E+00  1.032832E+04  0.000000E+00
  0.000000E+00  0.000000E+00  9.000000E+01  9.000000E+01  9.000000E+01
  0.000000E+00  6.377148E+00  0.000000E+00  2.522197E-01  4.087355E-01
 -6.219527E+00 -1.430141E+00 -5.431044E+00 -1.430141E+00  1.086196E+01
  8.008460E+00 -5.431044E+00  8.008460E+00  1.448901E+01  2.177759E+01
  0.000000E+00  0.000000E+00  0.000000E+00  2.177759E+01  0.000000E+00
  0.000000E+00  0.000000E+00  2.177759E+01  4.165452E+01
      1000  1.000000E+00        49
 -1.137775E+04  1.000000E+03 -1.146139E+04  5.483116E+02 -1.200970E+04
  0.000000E+00  0.000000E+00  0.000000E+00  0.000000E+00 -1.137775E+04
  0.000000E+00  2.338064E+02 -1.177541E+04  1.200922E+04  0.000000E+00
  0.000000E+00  0.000000E+00  0.000000E+00  1.031225E+04  0.000000E+00
  0.000000E+00  0.000000E+00  9.000000E+01  9.000000E+01  9.000000E+01
  0.000000E+00 -3.401114E+00  0.000000E+00  2.484645E-01  4.153665E-01
 -9.792721E+00  1.752171E+00 -4.422498E+00  1.752171E+00 -3.929247E+00
  1.995615E+00 -4.422498E+00  1.995615E+00  3.518625E+00  2.176629E+01
  0.000000E+00  0.000000E+00  0.000000E+00  2.176629E+01  0.000000E+00
  0.000000E+00  0.000000E+00  2.176629E+01 -2.218097E+01
      1100  1.100000E+00        49
 -1.137832E+04  1.000000E+03 -1.146195E+04  5.418270E+02 -1.200378E+04
  0.000000E+00  0.000000E+00  0.000000E+00  0.000000E+00 -1.137831E+04
  0.000000E+00  2.916657E+02 -1.171173E+04  1.200340E+04  0.000000E+00
  0.000000E+00  0.000000E+00  0.000000E+00  1.034115E+04  0.000000E+00
  0.000000E+00  0.000000E+00  9.000000E+01  9.000000E+01  9.000000E+01
  0.000000E+00 -6.340627E+00  0.000000E+00  2.225088E-01  3.927750E-01
 -1.104579E+01  3.534648E+00  5.977395E+00  3.534648E+00 -6.566586E+00
  1.002014E+00  5.977395E+00  1.002014E+00 -1.409500E+00  2.178661E+01
  0.000000E+00  0.000000E+00  0.000000E+00  2.178661E+01  0.000000E+00
  0.000000E+00  0.000000E+00  2.178661E+01 -4.146741E+01
      1200  1.200000E+00        49
 -1.138495E+04  1.000000E+03 -1.146858E+04  5.550929E+02 -1.202367E+04
  0.000000E+00  0.000000E+00  0.000000E+00  0.000000E+00 -1.138494E+04
  0.000000E+00  1.697879E+02 -1.185309E+04  1.202288E+04  0.000000E+00
  0.000000E+00  0.000000E+00  0.000000E+00  1.024419E+04  0.000000E+00
  0.000000E+00  0.000000E+00  9.000000E+01  9.000000E+01  9.000000E+01
  0.000000E+00 -1.298856E-01  0.000000E+00  1.882789E-01  3.341002E-01
 -4.115519E+00 -1.119098E+00  9.673154E-01 -1.119098E+00 -3.264583E+00
 -2.427117E+00  9.673154E-01 -2.427117E+00  6.990445E+00  2.171830E+01
  0.000000E+00  0.000000E+00  0.000000E+00  2.171830E+01  0.000000E+00
  0.000000E+00  0.000000E+00  2.171830E+01 -8.414814E-01
      1300  1.300000E+00        49
 -1.138061E+04  1.000000E+03 -1.146424E+04  5.625425E+02 -1.202679E+04
  0.000000E+00  0.000000E+00  0.000000E+00  0.000000E+00 -1.138061E+04
  0.000000E+00  1.290742E+02 -1.189725E+04  1.202632E+04  0.000000E+00
  0.000000E+00  0.000000E+00  0.000000E+00  1.025538E+04  0.000000E+00
  0.000000E+00  0.000000E+00  9.000000E+01  9.000000E+01  9.000000E+01
  0.000000E+00  1.962737E+00  0.000000E+00  1.854340E-01  3.268215E-01
 -3.670879E+00 -3.376582E-01 -3.811986E+00 -3.376582E-01  4.432602E+00
  4.617720E+00 -3.811986E+00  4.617720E+00  5.126487E+00  2.172620E+01
  0.000000E+00  0.000000E+00  0.000000E+00  2.172620E+01  0.000000E+00
  0.000000E+00  0.000000E+00  2.172620E+01  1.272974E+01
      1400  1.400000E+00        49
 -1.138305E+04  1.000000E+03 -1.146668E+04  5.548325E+02 -1.202151E+04
  0.000000E+00  0.000000E+00  0.000000E+00  0.000000E+00 -1.138304E+04
  0.000000E+00  1.742417E+02 -1.184689E+04  1.202114E+04  0.000000E+00
  0.000000E+00  0.000000E+00  0.000000E+00  1.025833E+04  0.000000E+00
  0.000000E+00  0.000000E+00  9.000000E+01  9.000000E+01  9.000000E+01
  0.000000E+00 -3.585462E-01  0.000000E+00  1.854231E-01  3.266037E-01
 -2.289905E+00 -2.144964E-02 -2.436856E-01 -2.144964E-02 -4.241715E-01
  3.162088E+00 -2.436856E-01  3.162088E+00  1.638438E+00  2.172829E+01
  0.000000E+00  0.000000E+00  0.000000E+00  2.172829E+01  0.000000E+00
  0.000000E+00  0.000000E+00  2.172829E+01 -2.326098E+00
      1500  1.500000E+00        49
 -1.138097E+04  1.000000E+03 -1.146460E+04  5.573419E+02 -1.202195E+04
  0.000000E+00  0.000000E+00  0.000000E+00  0.000000E+00 -1.138097E+04
  0.000000E+00  1.702335E+02 -1.185155E+04  1.202178E+04  0.000000E+00
  0.000000E+00  0.000000E+00  0.000000E+00  1.032040E+04  0.000000E+00
  0.000000E+00  0.000000E+00  9.000000E+01  9.000000E+01  9.000000E+01
  0.000000E+00 -1.516856E-01  0.000000E+00  2.003113E-01  3.255365E-01
 -5.265839E-01  6.338096E+00 -7.032928E-01  6.338096E+00  3.903071E-03
  2.145261E-01 -7.032928E-01  2.145261E-01  6.762404E-02  2.177202E+01
  0.000000E+00  0.000000E+00  0.000000E+00  2.177202E+01  0.000000E+00
  0.000000E+00  0.000000E+00  2.177202E+01 -9.900264E-01
      1600  1.600000E+00        49
 -1.137697E+04  1.000000E+03 -1.146060E+04  5.631161E+02 -1.202372E+04
  0.000000E+00  0.000000E+00  0.000000E+00  0.000000E+00 -1.137696E+04
  0.000000E+00  1.389134E+02 -1.188412E+04  1.202303E+04  0.000000E+00
  0.000000E+00  0.000000E+00  0.000000E+00  1.033331E+04  0.000000E+00
  0.000000E+00  0.000000E+00  9.000000E+01  9.000000E+01  9.000000E+01
  0.000000E+00  1.446064E+00  0.000000E+00  2.063710E-01  3.361596E-01
 -5.207245E+00  4.559502E+00 -3.842265E+00  4.559502E+00 -1.228850E+00
  7.727260E+00 -3.842265E+00  7.727260E+00  1.077429E+01  2.178110E+01
  0.000000E+00  0.000000E+00  0.000000E+00  2.178110E+01  0.000000E+00
  0.000000E+00  0.000000E+00  2.178110E+01  9.450024E+00
      1700  1.700000E+00        49
 -1.137669E+04  1.000000E+03 -1.146032E+04  5.637699E+02 -1.202409E+04
  0.000000E+00  0.000000E+00  0.000000E+00  0.000000E+00 -1.137669E+04
  0.000000E+00  1.405794E+02 -1.188293E+04  1.202351E+04  0.000000E+00
  0.000000E+00  0.000000E+00  0.000000E+00  1.038625E+04  0.000000E+00
  0.000000E+00  0.000000E+00  9.000000E+01  9.000000E+01  9.000000E+01
  0.000000E+00  1.354147E+00  0.000000E+00  2.085139E-01  3.458260E-01
 -5.337493E+00 -4.383223E+00 -2.135039E+00 -4.383223E+00  4.145215E+00
  5.539287E+00 -2.135039E+00  5.539287E+00  5.254719E+00  2.181823E+01
  0.000000E+00  0.000000E+00  0.000000E+00  2.181823E+01  0.000000E+00
  0.000000E+00  0.000000E+00  2.181823E+01  8.894684E+00
      1800  1.800000E+00        49
 -1.138330E+04  1.000000E+03 -1.146693E+04  5.513854E+02 -1.201832E+04
  0.000000E+00  0.000000E+00  0.000000E+00  0.000000E+00 -1.138329E+04
  0.000000E+00  2.265353E+02 -1.179154E+04  1.201807E+04  0.000000E+00
  0.000000E+00  0.000000E+00  0.000000E+00  1.041101E+04  0.000000E+00
  0.000000E+00  0.000000E+00  9.000000E+01  9.000000E+01  9.000000E+01
  0.000000E+00 -3.000740E+00  0.000000E+00  1.892493E-01  3.280481E-01
 -6.857520E+00 -4.245120E-02 -4.901689E+00 -4.245120E-02 -5.956496E-02
  3.543201E+00 -4.901689E+00  3.543201E+00 -2.085136E+00  2.183556E+01
  0.000000E+00  0.000000E+00  0.000000E+00  2.183556E+01  0.000000E+00
  0.000000E+00  0.000000E+00  2.183556E+01 -1.975729E+01
      1900  1.900000E+00        49
 -1.137829E+04  1.000000E+03 -1.146192E+04  5.526746E+02 -1.201460E+04
  0.000000E+00  0.000000E+00  0.000000E+00  0.000000E+00 -1.137828E+04
  0.000000E+00  2.112443E+02 -1.180291E+04  1.201415E+04  0.000000E+00
  0.000000E+00  0.000000E+00  0.000000E+00  1.033486E+04  0.000000E+00
  0.000000E+00  0.000000E+00  9.000000E+01  9.000000E+01  9.000000E+01
  0.000000E+00 -2.243014E+00  0.000000E+00  1.830235E-01  3.243384E-01
 -6.491696E-01 -2.020630E+00 -6.605081E+00 -2.020630E+00  1.425392E+00
 -1.303780E+00 -6.605081E+00 -1.303780E+00 -7.505265E+00  2.178219E+01
  0.000000E+00  0.000000E+00  0.000000E+00  2.178219E+01  0.000000E+00
  0.000000E+00  0.000000E+00  2.178219E+01 -1.466029E+01
      2000  2.000000E+00        49
 -1.137707E+04  1.000000E+03 -1.146070E+04  5.677242E+02 -1.202843E+04
  0.000000E+00  0.000000E+00  0.000000E+00  0.000000E+00 -1.137706E+04
  0.000000E+00  1.048155E+02 -1.192274E+04  1.202756E+04  0.000000E+00
  0.000000E+00  0.000000E+00  0.000000E+00  1.028543E+04  0.000000E+00
  0.000000E+00  0.000000E+00  9.000000E+01  9.000000E+01  9.000000E+01
  0.000000E+00  3.200137E+00  0.000000E+00  1.822775E-01  3.314029E-01
 -7.799987E-01  2.673451E+00 -2.269866E+00  2.673451E+00  7.293795E+00
  6.522418E+00 -2.269866E+00  6.522418E+00  3.086615E+00  2.174741E+01
  0.000000E+00  0.000000E+00  0.000000E+00  2.174741E+01  0.000000E+00
  0.000000E+00  0.000000E+00  2.174741E+01  2.081599E+01
      2100  2.100000E+00        49
 -1.137142E+04  1.000000E+03 -1.145505E+04  5.731369E+02 -1.202819E+04
  0.000000E+00  0.000000E+00  0.000000E+00  0.000000E+00 -1.137141E+04
  0.000000E+00  8.031184E+01 -1.194706E+04  1.202738E+04  0.000000E+00
  0.000000E+00  0.000000E+00  0.000000E+00  1.036982E+04  0.000000E+00
  0.000000E+00  0.000000E+00  9.000000E+01  9.000000E+01  9.000000E+01
  0.000000E+00  4.419563E+00  0.000000E+00  1.895936E-01  3.474246E-01
  2.391189E+00 -1.188783E+00 -5.538902E+00 -1.188783E+00  4.952823E+00
  7.046833E+00 -5.538902E+00  7.046833E+00  5.914677E+00  2.180672E+01
  0.000000E+00  0.000000E+00  0.000000E+00  2.180672E+01  0.000000E+00
  0.000000E+00  0.000000E+00  2.180672E+01  2.898387E+01
      2200  2.200000E+00        49
 -1.137671E+04  1.000000E+03 -1.146034E+04  5.586573E+02 -1.201900E+04
  0.000000E+00  0.000000E+00  0.000000E+00  0.000000E+00 -1.137671E+04
  0.000000E+00  1.967000E+02 -1.182177E+04  1.201847E+04  0.000000E+00
  0.000000E+00  0.000000E+00  0.000000E+00  1.046833E+04  0.000000E+00
  0.000000E+00  0.000000E+00  9.000000E+01  9.000000E+01  9.000000E+01
  0.000000E+00 -1.482117E+00  0.000000E+00  2.064461E-01  3.466923E-01
 -1.985273E+00  1.618813E+00 -3.276991E-01  1.618813E+00 -4.842091E+00
  6.023319E+00 -3.276991E-01  6.023319E+00  2.381013E+00  2.187556E+01
  0.000000E+00  0.000000E+00  0.000000E+00  2.187556E+01  0.000000E+00
  0.000000E+00  0.000000E+00  2.187556E+01 -9.812191E+00
      2300  2.300000E+00        49
 -1.137070E+04  1.000000E+03 -1.145433E+04  5.618334E+02 -1.201616E+04
  0.000000E+00  0.000000E+00  0.000000E+00  0.000000E+00 -1.137069E+04
  0.000000E+00  1.708353E+02 -1.184483E+04  1.201567E+04  0.000000E+00
  0.000000E+00  0.000000E+00  0.000000E+00  1.039641E+04  0.000000E+00
  0.000000E+00  0.000000E+00  9.000000E+01  9.000000E+01  9.000000E+01
  0.000000E+00 -1.810823E-01  0.000000E+00  2.022155E-01  3.372237E-01
 -3.186887E+00  5.873809E+00 -1.110688E+00  5.873809E+00  6.788214E-02
 -4.365372E+00 -1.110688E+00 -4.365372E+00  2.575758E+00  2.182535E+01
  0.000000E+00  0.000000E+00  0.000000E+00  2.182535E+01  0.000000E+00
  0.000000E+00  0.000000E+00  2.182535E+01 -1.190599E+00
      2400  2.400000E+00        49
 -1.138358E+04  1.000000E+03 -1.146721E+04  5.543164E+02 -1.202153E+04
  0.000000E+00  0.000000E+00  0.000000E+00  0.000000E+00 -1.138358E+04
  0.000000E+00  1.884330E+02 -1.183222E+04  1.202065E+04  0.000000E+00
  0.000000E+00  0.000000E+00  0.000000E+00  1.033596E+04  0.000000E+00
  0.000000E+00  0.000000E+00  9.000000E+01  9.000000E+01  9.000000E+01
  0.000000E+00 -1.079528E+00  0.000000E+00  1.662851E-01  2.886390E-01
 -2.266847E+00  2.343971E+00 -5.358208E+00  2.343971E+00 -4.841499E-01
  7.205498E+00 -5.358208E+00  7.205498E+00 -4.875871E-01  2.178296E+01
  0.000000E+00  0.000000E+00  0.000000E+00  2.178296E+01  0.000000E+00
  0.000000E+00  0.000000E+00  2.178296E+01 -7.056523E+00
      2500  2.500000E+00        49
 -1.137680E+04  1.000000E+03 -1.146043E+04  5.534157E+02 -1.201385E+04
  0.000000E+00  0.000000E+00  0.000000E+00  0.000000E+00 -1.137679E+04
  0.000000E+00  2.369050E+02 -1.177638E+04  1.201329E+04  0.000000E+00
  0.000000E+00  0.000000E+00  0.000000E+00  1.041484E+04  0.000000E+00
  0.000000E+00  0.000000E+00  9.000000E+01  9.000000E+01  9.000000E+01
  0.000000E+00 -3.524429E+00  0.000000E+00  1.661915E-01  2.685264E-01
 -1.227600E+01 -1.603754E+00  1.251067E-01 -1.603754E+00  7.631210E-01
  4.527858E+00  1.251067E-01  4.527858E+00  9.395907E-01  2.183824E+01
  0.000000E+00  0.000000E+00  0.000000E+00  2.183824E+01  0.000000E+00
  0.000000E+00  0.000000E+00  2.183824E+01 -2.321386E+01
      2600  2.600000E+00        49
 -1.137897E+04  1.000000E+03 -1.146260E+04  5.648224E+02 -1.202743E+04
  0.000000E+00  0.000000E+00  0.000000E+00  0.000000E+00 -1.137897E+04
  0.000000E+00  1.436337E+02 -1.188337E+04  1.202700E+04  0.000000E+00
  0.000000E+00  0.000000E+00  0.000000E+00  1.042424E+04  0.000000E+00
  0.000000E+00  0.000000E+00  9.000000E+01  9.000000E+01  9.000000E+01
  0.000000E+00  1.194780E+00  0.000000E+00  1.445002E-01  2.574854E-01
 -6.920026E+00 -1.513206E-02 -1.258730E+01 -1.513206E-02  2.388536E+00
  6.170129E-01 -1.258730E+01  6.170129E-01  8.115828E+00  2.184481E+01
  0.000000E+00  0.000000E+00  0.000000E+00  2.184481E+01  0.000000E+00
  0.000000E+00  0.000000E+00  2.184481E+01  7.876593E+00
      2700  2.700000E+00        49
 -1.138465E+04  1.000000E+03 -1.146828E+04  5.591707E+02 -1.202745E+04
  0.000000E+00  0.000000E+00  0.000000E+00  0.000000E+00 -1.138464E+04
  0.000000E+00  1.612066E+02 -1.186565E+04  1.202685E+04  0.000000E+00
  0.000000E+00  0.000000E+00  0.000000E+00  1.034505E+04  0.000000E+00
  0.000000E+00  0.000000E+00  9.000000E+01  9.000000E+01  9.000000E+01
  0.000000E+00  3.085941E-01  0.000000E+00  1.376377E-01  2.467022E-01
 -5.444459E+00  3.498944E+00 -4.423281E+00  3.498944E+00  3.707810E+00
  2.265283E+00 -4.423281E+00  2.265283E+00  2.662431E+00  2.178935E+01
  0.000000E+00  0.000000E+00  0.000000E+00  2.178935E+01  0.000000E+00
  0.000000E+00  0.000000E+00  2.178935E+01  2.018954E+00
      2800  2.800000E+00        49
 -1.138229E+04  1.000000E+03 -1.146592E+04  5.636068E+02 -1.202953E+04
  0.000000E+00  0.000000E+00  0.000000E+00  0.000000E+00 -1.138228E+04
  0.000000E+00  1.296490E+02 -1.189967E+04  1.202932E+04  0.000000E+00
  0.000000E+00  0.000000E+00  0.000000E+00  1.034363E+04  0.000000E+00
  0.000000E+00  0.000000E+00  9.000000E+01  9.000000E+01  9.000000E+01
  0.000000E+00  1.916703E+00  0.000000E+00  1.575008E-01  2.576885E-01
 -2.948605E+00  2.703348E+00 -4.150491E+00  2.703348E+00  3.446227E-01
  2.531577E+00 -4.150491E+00  2.531577E+00  8.354091E+00  2.178835E+01
  0.000000E+00  0.000000E+00  0.000000E+00  2.178835E+01  0.000000E+00
  0.000000E+00  0.000000E+00  2.178835E+01  1.253816E+01
      2900  2.900000E+00        49
 -1.138341E+04  1.000000E+03 -1.146704E+04  5.540138E+02 -1.202105E+04
  0.000000E+00  0.000000E+00  0.000000E+00  0.000000E+00 -1.138340E+04
  0.000000E+00  2.095430E+02 -1.181095E+04  1.202049E+04  0.000000E+00
  0.000000E+00  0.000000E+00  0.000000E+00  1.039195E+04  0.000000E+00
  0.000000E+00  0.000000E+00  9.000000E+01  9.000000E+01  9.000000E+01
  0.000000E+00 -2.144399E+00  0.000000E+00  1.649108E-01  2.824818E-01
 -7.062284E+00 -4.510555E-01 -4.932262E+00 -4.510555E-01 -4.060483E+00
 -2.551096E+00 -4.932262E+00 -2.551096E+00  4.689569E+00  2.182222E+01
  0.000000E+00  0.000000E+00  0.000000E+00  2.182222E+01  0.000000E+00
  0.000000E+00  0.000000E+00  2.182222E+01 -1.409317E+01
      3000  3.000000E+00        49
 -1.137545E+04  1.000000E+03 -1.145908E+04  5.639228E+02 -1.202300E+04
  0.000000E+00  0.000000E+00  0.000000E+00  0.000000E+00 -1.137544E+04
  0.000000E+00  1.391340E+02 -1.188375E+04  1.202288E+04  0.000000E+00
  0.000000E+00  0.000000E+00  0.000000E+00  1.036337E+04  0.000000E+00
  0.000000E+00  0.000000E+00  9.000000E+01  9.000000E+01  9.000000E+01
  0.000000E+00  1.430650E+00  0.000000E+00  1.757290E-01  3.070938E-01
 -2.321637E+00 -1.950379E+00 -3.081493E+00 -1.950379E+00  7.779648E-01
  2.488489E-01 -3.081493E+00  2.488489E-01  5.835623E+00  2.180220E+01
  0.000000E+00  0.000000E+00  0.000000E+00  2.180220E+01  0.000000E+00
  0.000000E+00  0.000000E+00  2.180220E+01  9.376497E+00
      3100  3.100000E+00        49
 -1.137542E+04  1.001148E+03 -1.145915E+04  5.563991E+02 -1.201555E+04
  0.000000E+00  0.000000E+00  0.000000E+00  0.000000E+00 -1.137542E+04
  0.000000E+00  2.036451E+02 -1.181158E+04  1.201522E+04  0.000000E+00
  0.000000E+00  0.000000E+00  0.000000E+00  1.037855E+04  0.000000E+00
  0.000000E+00  0.000000E+00  9.000000E+01  9.000000E+01  9.000000E+01
  0.000000E+00 -1.837890E+00  0.000000E+00  1.082158E-01  2.026395E-01
 -1.309115E+01 -1.959191E+00 -5.976936E+00 -1.959191E+00  4.011802E-01
 -3.477597E-02 -5.976936E+00 -3.477597E-02  7.176296E+00  2.181284E+01
  0.000000E+00  0.000000E+00  0.000000E+00  2.181284E+01  0.000000E+00
  0.000000E+00  0.000000E+00  2.181284E+01 -1.206318E+01
      3200  3.200000E+00        49
 -1.137594E+04  1.040130E+03 -1.146293E+04  5.428569E+02 -1.200579E+04
  0.000000E+00  0.000000E+00  0.000000E+00  0.000000E+00 -1.137594E+04
  0.000000E+00  2.853223E+02 -1.172023E+04  1.200555E+04  0.000000E+00
  0.000000E+00  0.000000E+00  0.000000E+00  1.033663E+04  0.000000E+00
  0.000000E+00  0.000000E+00  9.000000E+01  9.000000E+01  9.000000E+01
  0.000000E+00 -5.677670E+00  0.000000E+00  1.949699E-01  3.417913E-01
 -1.576391E+01  1.177587E+00 -3.305170E+00  1.177587E+00 -2.230818E+00
  5.593680E+00 -3.305170E+00  5.593680E+00  9.617222E-01  2.178343E+01
  0.000000E+00  0.000000E+00  0.000000E+00  2.178343E+01  0.000000E+00
  0.000000E+00  0.000000E+00  2.178343E+01 -3.711549E+01
      3300  3.300000E+00        49
 -1.137642E+04  1.029849E+03 -1.146255E+04  5.592873E+02 -1.202184E+04
  0.000000E+00  0.000000E+00  0.000000E+00  0.000000E+00 -1.137641E+04
  0.000000E+00  1.568738E+02 -1.186467E+04  1.202155E+04  0.000000E+00
  0.000000E+00  0.000000E+00  0.000000E+00  1.027895E+04  0.000000E+00
  0.000000E+00  0.000000E+00  9.000000E+01  9.000000E+01  9.000000E+01
  0.000000E+00  7.887642E-01  0.000000E+00  2.539961E-01  4.185745E-01
 -1.019512E+01 -2.788090E-01 -2.984273E+00 -2.788090E-01  1.494209E+00
  3.463072E+00 -2.984273E+00  3.463072E+00  1.106720E+01  2.174284E+01
  0.000000E+00  0.000000E+00  0.000000E+00  2.174284E+01  0.000000E+00
  0.000000E+00  0.000000E+00  2.174284E+01  5.127457E+00
      3400  3.400000E+00        49
 -1.137693E+04  1.052073E+03 -1.146492E+04  5.508377E+02 -1.201576E+04
  0.000000E+00  0.000000E+00  0.000000E+00  0.000000E+00 -1.137692E+04
  0.000000E+00  2.003128E+02 -1.181504E+04  1.201535E+04  0.000000E+00
  0.000000E+00  0.000000E+00  0.000000E+00  1.020904E+04  0.000000E+00
  0.000000E+00  0.000000E+00  9.000000E+01  9.000000E+01  9.000000E+01
  0.000000E+00 -1.256607E+00  0.000000E+00  2.406174E-01  4.170200E-01
 -7.343118E+00 -3.810127E+00 -2.252391E+00 -3.810127E+00 -2.434555E+00
  4.019799E+00 -2.252391E+00  4.019799E+00  6.007851E+00  2.169344E+01
  0.000000E+00  0.000000E+00  0.000000E+00  2.169344E+01  0.000000E+00
  0.000000E+00  0.000000E+00  2.169344E+01 -8.113169E+00
      3500  3.500000E+00        49
 -1.137674E+04  9.712488E+02 -1.145797E+04  5.668818E+02 -1.202485E+04
  0.000000E+00  0.000000E+00  0.000000E+00  0.000000E+00 -1.137674E+04
  0.000000E+00  1.123366E+02 -1.191161E+04  1.202395E+04  0.000000E+00
  0.000000E+00  0.000000E+00  0.000000E+00  1.029254E+04  0.000000E+00
  0.000000E+00  0.000000E+00  9.000000E+01  9.000000E+01  9.000000E+01
  0.000000E+00  2.566510E+00  0.000000E+00  2.092906E-01  3.571795E-01
  4.329254E+00  6.430059E+00 -6.639325E+00  6.430059E+00  1.508191E+00
 -3.371721E-01 -6.639325E+00 -3.371721E-01  1.862084E+00  2.175241E+01
  0.000000E+00  0.000000E+00  0.000000E+00  2.175241E+01  0.000000E+00
  0.000000E+00  0.000000E+00  2.175241E+01  1.670596E+01
      3600  3.600000E+00        49
 -1.137679E+04  9.978847E+02 -1.146025E+04  5.585810E+02 -1.201883E+04
  0.000000E+00  0.000000E+00  0.000000E+00  0.000000E+00 -1.137679E+04
  0.000000E+00  1.750441E+02 -1.184353E+04  1.201858E+04  0.000000E+00
  0.000000E+00  0.000000E+00  0.000000E+00  1.030898E+04  0.000000E+00
  0.000000E+00  0.000000E+00  9.000000E+01  9.000000E+01  9.000000E+01
  0.000000E+00 -4.158983E-01  0.000000E+00  1.800705E-01  3.198623E-01
 -1.174483E+01  4.825723E+00  1.032222E+00  4.825723E+00  8.333529E+00
  3.417798E-01  1.032222E+00  3.417798E-01  2.163609E+00  2.176399E+01
  0.000000E+00  0.000000E+00  0.000000E+00  2.176399E+01  0.000000E+00
  0.000000E+00  0.000000E+00  2.176399E+01 -2.711495E+00
      3700  3.700000E+00        49
 -1.137691E+04  1.023595E+03 -1.146251E+04  5.600355E+02 -1.202255E+04
  0.000000E+00  0.000000E+00  0.000000E+00  0.000000E+00 -1.137690E+04
  0.000000E+00  1.621245E+02 -1.186002E+04  1.202215E+04  0.000000E+00
  0.000000E+00  0.000000E+00  0.000000E+00  1.032888E+04  0.000000E+00
  0.000000E+00  0.000000E+00  9.000000E+01  9.000000E+01  9.000000E+01
  0.000000E+00  4.636317E-01  0.000000E+00  1.712011E-01  2.958289E-01
 -1.000919E+01  2.653815E+00 -4.070944E+00  2.653815E+00  1.710212E+00
  5.688716E+00 -4.070944E+00  5.688716E+00  9.689877E+00  2.177799E+01
  0.000000E+00  0.000000E+00  0.000000E+00  2.177799E+01  0.000000E+00
  0.000000E+00  0.000000E+00  2.177799E+01  3.028535E+00
      3800  3.800000E+00        49
 -1.137702E+04  1.002120E+03 -1.146083E+04  5.647319E+02 -1.202556E+04
  0.000000E+00  0.000000E+00  0.000000E+00  0.000000E+00 -1.137701E+04
  0.000000E+00  1.532723E+02 -1.187195E+04  1.202522E+04  0.000000E+00
  0.000000E+00  0.000000E+00  0.000000E+00  1.034954E+04  0.000000E+00
  0.000000E+00  0.000000E+00  9.000000E+01  9.000000E+01  9.000000E+01
  0.000000E+00  7.305926E-01  0.000000E+00  1.935832E-01  3.151850E-01
 -1.446858E+00  3.517983E+00  3.356991E+00  3.517983E+00  3.693331E+00
  1.733889E+00  3.356991E+00  1.733889E+00 -5.469594E-02  2.179250E+01
  0.000000E+00  0.000000E+00  0.000000E+00  2.179250E+01  0.000000E+00
  0.000000E+00  0.000000E+00  2.179250E+01  4.781922E+00
      3900  3.900000E+00        49
 -1.137812E+04  1.005077E+03 -1.146218E+04  5.494945E+02 -1.201167E+04
  0.000000E+00  0.000000E+00  0.000000E+00  0.000000E+00 -1.137811E+04
  0.000000E+00  2.204520E+02 -1.179090E+04  1.201135E+04  0.000000E+00
  0.000000E+00  0.000000E+00  0.000000E+00  1.024358E+04  0.000000E+00
  0.000000E+00  0.000000E+00  9.000000E+01  9.000000E+01  9.000000E+01
  0.000000E+00 -2.693079E+00  0.000000E+00  2.009000E-01  3.844754E-01
 -1.392552E+01  4.483645E+00 -2.397265E+00  4.483645E+00  2.370604E+00
  1.372124E+00 -2.397265E+00  1.372124E+00  3.475676E+00  2.171787E+01
  0.000000E+00  0.000000E+00  0.000000E+00  2.171787E+01  0.000000E+00
  0.000000E+00  0.000000E+00  2.171787E+01 -1.744644E+01
      4000  4.000000E+00        49
 -1.137810E+04  9.785145E+02 -1.145994E+04  5.687359E+02 -1.202867E+04
  0.000000E+00  0.000000E+00  0.000000E+00  0.000000E+00 -1.137809E+04
  0.000000E+00  1.029382E+02 -1.192539E+04  1.202833E+04  0.000000E+00
  0.000000E+00  0.000000E+00  0.000000E+00  1.026050E+04  0.000000E+00
  0.000000E+00  0.000000E+00  9.000000E+01  9.000000E+01  9.000000E+01
  0.000000E+00  3.119739E+00  0.000000E+00  2.247751E-01  3.849205E-01
 -1.473416E+00 -4.357150E+00 -4.357348E+00 -4.357150E+00  7.953083E+00
 -3.088765E+00 -4.357348E+00 -3.088765E+00  2.879551E+00  2.172982E+01
  0.000000E+00  0.000000E+00  0.000000E+00  2.172982E+01  0.000000E+00
  0.000000E+00  0.000000E+00  2.172982E+01  2.024384E+01
      4100  4.100000E+00        49
 -1.137815E+04  9.786712E+02 -1.146000E+04  5.561735E+02 -1.201617E+04
  0.000000E+00  0.000000E+00  0.000000E+00  0.000000E+00 -1.137815E+04
  0.000000E+00  1.706781E+02 -1.184510E+04  1.201577E+04  0.000000E+00
  0.000000E+00  0.000000E+00  0.000000E+00  1.028018E+04  0.000000E+00
  0.000000E+00  0.000000E+00  9.000000E+01  9.000000E+01  9.000000E+01
  0.000000E+00 -3.579855E-01  0.000000E+00  2.380031E-01  4.147084E-01
 -4.277966E+00 -1.447911E+00 -7.614620E+00 -1.447911E+00 -2.729263E-01
 -2.100084E-01 -7.614620E+00 -2.100084E-01  3.476936E+00  2.174370E+01
  0.000000E+00  0.000000E+00  0.000000E+00  2.174370E+01  0.000000E+00
  0.000000E+00  0.000000E+00  2.174370E+01 -2.327405E+00
      4200  4.200000E+00        49
 -1.137800E+04  9.899020E+02 -1.146078E+04  5.672221E+02 -1.202800E+04
  0.000000E+00  0.000000E+00  0.000000E+00  0.000000E+00 -1.137799E+04
  0.000000E+00  1.109049E+02 -1.191674E+04  1.202764E+04  0.000000E+00
  0.000000E+00  0.000000E+00  0.000000E+00  1.032261E+04  0.000000E+00
  0.000000E+00  0.000000E+00  9.000000E+01  9.000000E+01  9.000000E+01
  0.000000E+00  2.791444E+00  0.000000E+00  2.571771E-01  4.516144E-01
 -8.406618E+00  3.279403E+00 -2.596367E+00  3.279403E+00  1.134259E+01
 -6.976561E-02 -2.596367E+00 -6.976561E-02  5.438362E+00  2.177358E+01
  0.000000E+00  0.000000E+00  0.000000E+00  2.177358E+01  0.000000E+00
  0.000000E+00  0.000000E+00  2.177358E+01  1.822319E+01
      4300  4.300000E+00        49
 -1.137794E+04  9.717787E+02 -1.145921E+04  5.618173E+02 -1.202103E+04
  0.000000E+00  0.000000E+00  0.000000E+00  0.000000E+00 -1.137794E+04
  0.000000E+00  1.566719E+02 -1.186417E+04  1.202084E+04  0.000000E+00
  0.000000E+00  0.000000E+00  0.000000E+00  1.034890E+04  0.000000E+00
  0.000000E+00  0.000000E+00  9.000000E+01  9.000000E+01  9.000000E+01
  0.000000E+00  2.990241E-01  0.000000E+00  2.641805E-01  4.595586E-01
 -8.216136E+00  3.937511E+00 -4.341268E+00  3.937511E+00  1.873061E+00
  4.005373E+00 -4.341268E+00  4.005373E+00  7.240147E+00  2.179205E+01
  0.000000E+00  0.000000E+00  0.000000E+00  2.179205E+01  0.000000E+00
  0.000000E+00  0.000000E+00  2.179205E+01  1.957070E+00
      4400  4.400000E+00        49
 -1.137774E+04  1.028028E+03 -1.146372E+04  5.640607E+02 -1.202778E+04
  0.000000E+00  0.000000E+00  0.000000E+00  0.000000E+00 -1.137773E+04
  0.000000E+00  1.483105E+02 -1.187871E+04  1.202702E+04  0.000000E+00
  0.000000E+00  0.000000E+00  0.000000E+00  1.039014E+04  0.000000E+00
  0.000000E+00  0.000000E+00  9.000000E+01  9.000000E+01  9.000000E+01
  0.000000E+00  1.199271E+00  0.000000E+00  2.383598E-01  4.108797E-01
  3.255703E+00 -1.074638E+00 -5.116107E+00 -1.074638E+00 -3.741658E-01
  3.156738E+00 -5.116107E+00  3.156738E+00  7.162746E-01  2.182096E+01
  0.000000E+00  0.000000E+00  0.000000E+00  2.182096E+01  0.000000E+00
  0.000000E+00  0.000000E+00  2.182096E+01  7.880336E+00
      4500  4.500000E+00        49
 -1.137830E+04  1.011066E+03 -1.146286E+04  5.616320E+02 -1.202449E+04
  0.000000E+00  0.000000E+00  0.000000E+00  0.000000E+00 -1.137830E+04
  0.000000E+00  1.528609E+02 -1.187108E+04  1.202394E+04  0.000000E+00
  0.000000E+00  0.000000E+00  0.000000E+00  1.035175E+04  0.000000E+00
  0.000000E+00  0.000000E+00  9.000000E+01  9.000000E+01  9.000000E+01
  0.000000E+00  8.275678E-01  0.000000E+00  2.114715E-01  3.667340E-01
 -6.133368E+00 -1.386960E+00 -8.931340E+00 -1.386960E+00  3.610843E+00
  2.378293E+00 -8.931340E+00  2.378293E+00  5.005229E+00  2.179405E+01
  0.000000E+00  0.000000E+00  0.000000E+00  2.179405E+01  0.000000E+00
  0.000000E+00  0.000000E+00  2.179405E+01  5.417805E+00
      4600  4.600000E+00        49
 -1.137832E+04  9.770369E+02 -1.146003E+04  5.544656E+02 -1.201450E+04
  0.000000E+00  0.000000E+00  0.000000E+00  0.000000E+00 -1.137832E+04
  0.000000E+00  2.070497E+02 -1.180698E+04  1.201403E+04  0.000000E+00
  0.000000E+00  0.000000E+00  0.000000E+00  1.036275E+04  0.000000E+00
  0.000000E+00  0.000000E+00  9.000000E+01  9.000000E+01  9.000000E+01
  0.000000E+00 -2.218984E+00  0.000000E+00  2.027726E-01  3.576220E-01
 -8.861788E+00  4.588010E+00 -5.282580E+00  4.588010E+00 -1.167860E+01
  1.346383E+00 -5.282580E+00  1.346383E+00  1.388343E+01  2.180176E+01
  0.000000E+00  0.000000E+00  0.000000E+00  2.180176E+01  0.000000E+00
  0.000000E+00  0.000000E+00  2.180176E+01 -1.454237E+01
      4700  4.700000E+00        49
 -1.137843E+04  1.004659E+03 -1.146245E+04  5.578567E+02 -1.202030E+04
  0.000000E+00  0.000000E+00  0.000000E+00  0.000000E+00 -1.137842E+04
  0.000000E+00  1.756886E+02 -1.184421E+04  1.201989E+04  0.000000E+00
  0.000000E+00  0.000000E+00  0.000000E+00  1.034227E+04  0.000000E+00
  0.000000E+00  0.000000E+00  9.000000E+01  9.000000E+01  9.000000E+01
  0.000000E+00 -3.896591E-01  0.000000E+00  1.923977E-01  3.377879E-01
 -2.913046E+00  2.030590E+00 -4.728334E+00  2.030590E+00 -5.051420E-01
  3.103832E+00 -4.728334E+00  3.103832E+00  2.249211E+00  2.178739E+01
  0.000000E+00  0.000000E+00  0.000000E+00  2.178739E+01  0.000000E+00
  0.000000E+00  0.000000E+00  2.178739E+01 -2.548629E+00
      4800  4.800000E+00        49
 -1.137841E+04  9.920283E+02 -1.146137E+04  5.669807E+02 -1.202835E+04
  0.000000E+00  0.000000E+00  0.000000E+00  0.000000E+00 -1.137840E+04
  0.000000E+00  1.202769E+02 -1.190753E+04  1.202780E+04  0.000000E+00
  0.000000E+00  0.000000E+00  0.000000E+00  1.036688E+04  0.000000E+00
  0.000000E+00  0.000000E+00  9.000000E+01  9.000000E+01  9.000000E+01
  0.000000E+00  2.321108E+00  0.000000E+00  1.742283E-01  2.977725E-01
 -1.657957E+00  8.390801E+00  1.610504E+00  8.390801E+00  4.730158E+00
  3.512338E+00  1.610504E+00  3.512338E+00  3.891123E+00  2.180466E+01
  0.000000E+00  0.000000E+00  0.000000E+00  2.180466E+01  0.000000E+00
  0.000000E+00  0.000000E+00  2.180466E+01  1.521772E+01
      4900  4.900000E+00        49
 -1.137847E+04  1.015593E+03 -1.146341E+04  5.642940E+02 -1.202770E+04
  0.000000E+00  0.000000E+00  0.000000E+00  0.000000E+00 -1.137847E+04
  0.000000E+00  1.446897E+02 -1.188210E+04  1.202679E+04  0.000000E+00
  0.000000E+00  0.000000E+00  0.000000E+00  1.037536E+04  0.000000E+00
  0.000000E+00  0.000000E+00  9.000000E+01  9.000000E+01  9.000000E+01
  0.000000E+00  1.279260E+00  0.000000E+00  1.514901E-01  2.885743E-01
 -5.550528E+00  1.679173E+00 -2.315902E+00  1.679173E+00  8.339239E+00
  3.002148E+00 -2.315902E+00  3.002148E+00  1.049069E+00  2.181061E+01
  0.000000E+00  0.000000E+00  0.000000E+00  2.181061E+01  0.000000E+00
  0.000000E+00  0.000000E+00  2.181061E+01  8.393987E+00
      5000  5.000000E+00        49
 -1.137835E+04  9.684799E+02 -1.145935E+04  5.685168E+02 -1.202787E+04
  0.000000E+00  0.000000E+00  0.000000E+00  0.000000E+00 -1.137835E+04
  0.000000E+00  1.209251E+02 -1.190667E+04  1.202759E+04  0.000000E+00
  0.000000E+00  0.000000E+00  0.000000E+00  1.039334E+04  0.000000E+00
  0.000000E+00  0.000000E+00  9.000000E+01  9.000000E+01  9.000000E+01
  0.000000E+00  2.082582E+00  0.000000E+00  1.361185E-01  2.498613E-01
 -3.385063E+00  5.800668E+00 -3.712587E+00  5.800668E+00  6.095045E+00
  8.912389E-01 -3.712587E+00  8.912389E-01  3.537763E+00  2.182319E+01
  0.000000E+00  0.000000E+00  0.000000E+00  2.182319E+01  0.000000E+00
  0.000000E+00  0.000000E+00  2.182319E+01  1.368872E+01
      5100  5.100000E+00        49
 -1.137860E+04  1.003145E+03 -1.146249E+04  5.550998E+02 -1.201759E+04
  0.000000E+00  0.000000E+00  0.000000E+00  0.000000E+00 -1.137859E+04
  0.000000E+00  2.146139E+02 -1.180257E+04  1.201719E+04  0.000000E+00
  0.000000E+00  0.000000E+00  0.000000E+00  1.035600E+04  0.000000E+00
  0.000000E+00  0.000000E+00  9.000000E+01  9.000000E+01  9.000000E+01
  0.000000E+00 -2.383153E+00  0.000000E+00  1.494172E-01  2.628391E-01
 -1.286223E+01  5.847142E+00 -2.841403E+00  5.847142E+00  1.029320E+00
  7.869738E+00 -2.841403E+00  7.869738E+00  4.683454E+00  2.179703E+01
  0.000000E+00  0.000000E+00  0.000000E+00  2.179703E+01  0.000000E+00
  0.000000E+00  0.000000E+00  2.179703E+01 -1.560811E+01
      5200  5.200000E+00        49
 -1.137894E+04  1.001078E+03 -1.146266E+04  5.507800E+02 -1.201344E+04
  0.000000E+00  0.000000E+00  0.000000E+00  0.000000E+00 -1.137893E+04
  0.000000E+00  2.182575E+02 -1.179509E+04  1.201334E+04  0.000000E+00
  0.000000E+00  0.000000E+00  0.000000E+00  1.030712E+04  0.000000E+00
  0.000000E+00  0.000000E+00  9.000000E+01  9.000000E+01  9.000000E+01
  0.000000E+00 -2.598462E+00  0.000000E+00  1.705095E-01  3.137550E-01
 -3.614738E+00  4.072509E+00 -3.711134E+00  4.072509E+00 -2.501095E+00
  7.914940E+00 -3.711134E+00  7.914940E+00 -1.679553E+00  2.176268E+01
  0.000000E+00  0.000000E+00  0.000000E+00  2.176268E+01  0.000000E+00
  0.000000E+00  0.000000E+00  2.176268E+01 -1.693790E+01
      5300  5.300000E+00        49
 -1.137906E+04  9.853974E+02 -1.146147E+04  5.544540E+02 -1.201593E+04
  0.000000E+00  0.000000E+00  0.000000E+00  0.000000E+00 -1.137905E+04
  0.000000E+00  1.945038E+02 -1.182094E+04  1.201545E+04  0.000000E+00
  0.000000E+00  0.000000E+00  0.000000E+00  1.027567E+04  0.000000E+00
  0.000000E+00  0.000000E+00  9.000000E+01  9.000000E+01  9.000000E+01
  0.000000E+00 -1.522535E+00  0.000000E+00  1.809757E-01  3.333333E-01
 -1.792644E+00  1.764005E+00 -3.223103E+00  1.764005E+00  2.977675E+00
  3.831991E+00 -3.223103E+00  3.831991E+00 -5.752637E+00  2.174053E+01
  0.000000E+00  0.000000E+00  0.000000E+00  2.174053E+01  0.000000E+00
  0.000000E+00  0.000000E+00  2.174053E+01 -9.894268E+00
      5400  5.400000E+00        49
 -1.137929E+04  9.911396E+02 -1.146219E+04  5.497091E+02 -1.201189E+04
  0.000000E+00  0.000000E+00  0.000000E+00  0.000000E+00 -1.137929E+04
  0.000000E+00  2.315655E+02 -1.178016E+04  1.201173E+04  0.000000E+00
  0.000000E+00  0.000000E+00  0.000000E+00  1.030724E+04  0.000000E+00
  0.000000E+00  0.000000E+00  9.000000E+01  9.000000E+01  9.000000E+01
  0.000000E+00 -3.363965E+00  0.000000E+00  2.048006E-01  3.500575E-01
 -2.200013E+00 -1.104525E-01 -6.376505E-01 -1.104525E-01 -5.856839E+00
  3.882645E+00 -6.376505E-01  3.882645E+00 -2.035044E+00  2.176276E+01
  0.000000E+00  0.000000E+00  0.000000E+00  2.176276E+01  0.000000E+00
  0.000000E+00  0.000000E+00  2.176276E+01 -2.192804E+01
      5500  5.500000E+00        49
 -1.137970E+04  9.853453E+02 -1.146211E+04  5.558462E+02 -1.201795E+04
  0.000000E+00  0.000000E+00  0.000000E+00  0.000000E+00 -1.137969E+04
  0.000000E+00  1.727037E+02 -1.184462E+04  1.201733E+04  0.000000E+00
  0.000000E+00  0.000000E+00  0.000000E+00  1.022919E+04  0.000000E+00
  0.000000E+00  0.000000E+00  9.000000E+01  9.000000E+01  9.000000E+01
  0.000000E+00 -4.066179E-01  0.000000E+00  2.143605E-01  3.670534E-01
 -5.487439E+00  3.866755E+00 -6.769381E-01  3.866755E+00  6.528244E+00
  3.004737E+00 -6.769381E-01  3.004737E+00 -2.260659E+00  2.170769E+01
  0.000000E+00  0.000000E+00  0.000000E+00  2.170769E+01  0.000000E+00
  0.000000E+00  0.000000E+00  2.170769E+01 -2.630471E+00
      5600  5.600000E+00        49
 -1.137959E+04  9.924287E+02 -1.146259E+04  5.628905E+02 -1.202548E+04
  0.000000E+00  0.000000E+00  0.000000E+00  0.000000E+00 -1.137959E+04
  0.000000E+00  1.392932E+02 -1.188601E+04  1.202530E+04  0.000000E+00
  0.000000E+00  0.000000E+00  0.000000E+00  1.028903E+04  0.000000E+00
  0.000000E+00  0.000000E+00  9.000000E+01  9.000000E+01  9.000000E+01
  0.000000E+00  1.367956E+00  0.000000E+00  1.930005E-01  3.460720E-01
 -5.017476E+00  2.865116E+00 -1.093445E+01  2.865116E+00  1.896100E+00
  5.960937E+00 -1.093445E+01  5.960937E+00  7.225245E+00  2.174995E+01
  0.000000E+00  0.000000E+00  0.000000E+00  2.174995E+01  0.000000E+00
  0.000000E+00  0.000000E+00  2.174995E+01  8.901285E+00
      5700  5.700000E+00        49
 -1.137944E+04  1.014169E+03 -1.146426E+04  5.604393E+02 -1.202469E+04
  0.000000E+00  0.000000E+00  0.000000E+00  0.000000E+00 -1.137943E+04
  0.000000E+00  1.583412E+02 -1.186552E+04  1.202386E+04  0.000000E+00
  0.000000E+00  0.000000E+00  0.000000E+00  1.036625E+04  0.000000E+00
  0.000000E+00  0.000000E+00  9.000000E+01  9.000000E+01  9.000000E+01
  0.000000E+00  5.741562E-01  0.000000E+00  1.885923E-01  3.340610E-01
 -5.894123E+00  3.935851E+00 -3.954802E+00  3.935851E+00  2.648775E+00
  3.641701E+00 -3.954802E+00  3.641701E+00  4.967817E+00  2.180422E+01
  0.000000E+00  0.000000E+00  0.000000E+00  2.180422E+01  0.000000E+00
  0.000000E+00  0.000000E+00  2.180422E+01  3.764070E+00
      5800  5.800000E+00        49
 -1.137918E+04  9.801906E+02 -1.146115E+04  5.561266E+02 -1.201728E+04
  0.000000E+00  0.000000E+00  0.000000E+00  0.000000E+00 -1.137917E+04
  0.000000E+00  2.089074E+02 -1.180769E+04  1.201660E+04  0.000000E+00
  0.000000E+00  0.000000E+00  0.000000E+00  1.041903E+04  0.000000E+00
  0.000000E+00  0.000000E+00  9.000000E+01  9.000000E+01  9.000000E+01
  0.000000E+00 -2.274289E+00  0.000000E+00  1.997456E-01  3.526389E-01
 -1.361458E+01 -2.752345E+00 -3.886897E-01 -2.752345E+00 -1.574077E+00
  2.059526E+00 -3.886897E-01  2.059526E+00  8.365791E+00  2.184116E+01
  0.000000E+00  0.000000E+00  0.000000E+00  2.184116E+01  0.000000E+00
  0.000000E+00  0.000000E+00  2.184116E+01 -1.498576E+01
      5900  5.900000E+00        49
 -1.137924E+04  9.855214E+02 -1.146166E+04  5.561140E+02 -1.201777E+04
  0.000000E+00  0.000000E+00  0.000000E+00  0.000000E+00 -1.137923E+04
  0.000000E+00  2.074606E+02 -1.180972E+04  1.201718E+04  0.000000E+00
  0.000000E+00  0.000000E+00  0.000000E+00  1.040407E+04  0.000000E+00
  0.000000E+00  0.000000E+00  9.000000E+01  9.000000E+01  9.000000E+01
  0.000000E+00 -2.159093E+00  0.000000E+00  1.916595E-01  3.376157E-01
 -1.249832E+01  5.281306E+00 -1.898364E+00  5.281306E+00  8.129743E+00
  7.619036E+00 -1.898364E+00  7.619036E+00 -2.108701E+00  2.183071E+01
  0.000000E+00  0.000000E+00  0.000000E+00  2.183071E+01  0.000000E+00
  0.000000E+00  0.000000E+00  2.183071E+01 -1.420630E+01
      6000  6.000000E+00        49
 -1.137952E+04  9.987280E+02 -1.146304E+04  5.550599E+02 -1.201810E+04
  0.000000E+00  0.000000E+00  0.000000E+00  0.000000E+00 -1.137951E+04
  0.000000E+00  2.059557E+02 -1.181180E+04  1.201776E+04  0.000000E+00
  0.000000E+00  0.000000E+00  0.000000E+00  1.038325E+04  0.000000E+00
  0.000000E+00  0.000000E+00  9.000000E+01  9.000000E+01  9.000000E+01
  0.000000E+00 -1.974898E+00  0.000000E+00  1.976677E-01  3.435623E-01
 -6.050940E+00  4.822916E+00 -8.221316E+00  4.822916E+00  1.586238E+00
 -9.443410E-01 -8.221316E+00 -9.443410E-01 -1.459994E+00  2.181613E+01
  0.000000E+00  0.000000E+00  0.000000E+00  2.181613E+01  0.000000E+00
  0.000000E+00  0.000000E+00  2.181613E+01 -1.296833E+01
