  nacl
         0         3
         22.40000000          0.00000000          0.00000000
          0.00000000         22.40000000          0.00000000
          0.00000000          0.00000000         22.40000000
Na
        -11.20000000        -11.20000000        -11.20000000
Na
        -11.20000000         -8.40000000         -8.40000000
Na
         -8.40000000        -11.20000000         -8.40000000
Na
         -8.40000000         -8.40000000        -11.20000000
Na
         -5.60000000        -11.20000000        -11.20000000
Na
         -5.60000000         -8.40000000         -8.40000000
Na
         -2.80000000        -11.20000000         -8.40000000
Na
         -2.80000000         -8.40000000        -11.20000000
Na
          0.00000000        -11.20000000        -11.20000000
Na
          0.00000000         -8.40000000         -8.40000000
Na
          2.80000000        -11.20000000         -8.40000000
Na
          2.80000000         -8.40000000        -11.20000000
Na
          5.60000000        -11.20000000        -11.20000000
Na
          5.60000000         -8.40000000         -8.40000000
Na
          8.40000000        -11.20000000         -8.40000000
Na
          8.40000000         -8.40000000        -11.20000000
Na
        -11.20000000         -5.60000000        -11.20000000
Na
        -11.20000000         -2.80000000         -8.40000000
Na
         -8.40000000         -5.60000000         -8.40000000
Na
         -8.40000000         -2.80000000        -11.20000000
Na
         -5.60000000         -5.60000000        -11.20000000
Na
         -5.60000000         -2.80000000         -8.40000000
Na
         -2.80000000         -5.60000000         -8.40000000
Na
         -2.80000000         -2.80000000        -11.20000000
Na
          0.00000000         -5.60000000        -11.20000000
Na
          0.00000000         -2.80000000         -8.40000000
Na
          2.80000000         -5.60000000         -8.40000000
Na
          2.80000000         -2.80000000        -11.20000000
Na
          5.60000000         -5.60000000        -11.20000000
Na
          5.60000000         -2.80000000         -8.40000000
Na
          8.40000000         -5.60000000         -8.40000000
Na
          8.40000000         -2.80000000        -11.20000000
Na
        -11.20000000          0.00000000        -11.20000000
Na
        -11.20000000          2.80000000         -8.40000000
Na
         -8.40000000          0.00000000         -8.40000000
Na
         -8.40000000          2.80000000        -11.20000000
Na
         -5.60000000          0.00000000        -11.20000000
Na
         -5.60000000          2.80000000         -8.40000000
Na
         -2.80000000          0.00000000         -8.40000000
Na
         -2.80000000          2.80000000        -11.20000000
Na
          0.00000000          0.00000000        -11.20000000
Na
          0.00000000          2.80000000         -8.40000000
Na
          2.80000000          0.00000000         -8.40000000
Na
          2.80000000          2.80000000        -11.20000000
Na
          5.60000000          0.00000000        -11.20000000
Na
          5.60000000          2.80000000         -8.40000000
Na
          8.40000000          0.00000000         -8.40000000
Na
          8.40000000          2.80000000        -11.20000000
Na
        -11.20000000          5.60000000        -11.20000000
Na
        -11.20000000          8.40000000         -8.40000000
Na
         -8.40000000          5.60000000         -8.40000000
Na
         -8.40000000          8.40000000        -11.20000000
Na
         -5.60000000          5.60000000        -11.20000000
Na
         -5.60000000          8.40000000         -8.40000000
Na
         -2.80000000          5.60000000         -8.40000000
Na
         -2.80000000          8.40000000        -11.20000000
Na
          0.00000000          5.60000000        -11.20000000
Na
          0.00000000          8.40000000         -8.40000000
Na
          2.80000000          5.60000000         -8.40000000
Na
          2.80000000          8.40000000        -11.20000000
Na
          5.60000000          5.60000000        -11.20000000
Na
          5.60000000          8.40000000         -8.40000000
Na
          8.40000000          5.60000000         -8.40000000
Na
          8.40000000          8.40000000        -11.20000000
Na
        -11.20000000        -11.20000000         -5.60000000
Na
        -11.20000000         -8.40000000         -2.80000000
Na
         -8.40000000        -11.20000000         -2.80000000
Na
         -8.40000000         -8.40000000         -5.60000000
Na
         -5.60000000        -11.20000000         -5.60000000
Na
         -5.60000000         -8.40000000         -2.80000000
Na
         -2.80000000        -11.20000000         -2.80000000
Na
         -2.80000000         -8.40000000         -5.60000000
Na
          0.00000000        -11.20000000         -5.60000000
Na
          0.00000000         -8.40000000         -2.80000000
Na
          2.80000000        -11.20000000         -2.80000000
Na
          2.80000000         -8.40000000         -5.60000000
Na
          5.60000000        -11.20000000         -5.60000000
Na
          5.60000000         -8.40000000         -2.80000000
Na
          8.40000000        -11.20000000         -2.80000000
Na
          8.40000000         -8.40000000         -5.60000000
Na
        -11.20000000         -5.60000000         -5.60000000
Na
        -11.20000000         -2.80000000         -2.80000000
Na
         -8.40000000         -5.60000000         -2.80000000
Na
         -8.40000000         -2.80000000         -5.60000000
Na
         -5.60000000         -5.60000000         -5.60000000
Na
         -5.60000000         -2.80000000         -2.80000000
Na
         -2.80000000         -5.60000000         -2.80000000
Na
         -2.80000000         -2.80000000         -5.60000000
Na
          0.00000000         -5.60000000         -5.60000000
Na
          0.00000000         -2.80000000         -2.80000000
Na
          2.80000000         -5.60000000         -2.80000000
Na
          2.80000000         -2.80000000         -5.60000000
Na
          5.60000000         -5.60000000         -5.60000000
Na
          5.60000000         -2.80000000         -2.80000000
Na
          8.40000000         -5.60000000         -2.80000000
Na
          8.40000000         -2.80000000         -5.60000000
Na
        -11.20000000          0.00000000         -5.60000000
Na
        -11.20000000          2.80000000         -2.80000000
Na
         -8.40000000          0.00000000         -2.80000000
Na
         -8.40000000          2.80000000         -5.60000000
Na
         -5.60000000          0.00000000         -5.60000000
Na
         -5.60000000          2.80000000         -2.80000000
Na
         -2.80000000          0.00000000         -2.80000000
Na
         -2.80000000          2.80000000         -5.60000000
Na
          0.00000000          0.00000000         -5.60000000
Na
          0.00000000          2.80000000         -2.80000000
Na
          2.80000000          0.00000000         -2.80000000
Na
          2.80000000          2.80000000         -5.60000000
Na
          5.60000000          0.00000000         -5.60000000
Na
          5.60000000          2.80000000         -2.80000000
Na
          8.40000000          0.00000000         -2.80000000
Na
          8.40000000          2.80000000         -5.60000000
Na
        -11.20000000          5.60000000         -5.60000000
Na
        -11.20000000          8.40000000         -2.80000000
Na
         -8.40000000          5.60000000         -2.80000000
Na
         -8.40000000          8.40000000         -5.60000000
Na
         -5.60000000          5.60000000         -5.60000000
Na
         -5.60000000          8.40000000         -2.80000000
Na
         -2.80000000          5.60000000         -2.80000000
Na
         -2.80000000          8.40000000         -5.60000000
Na
          0.00000000          5.60000000         -5.60000000
Na
          0.00000000          8.40000000         -2.80000000
Na
          2.80000000          5.60000000         -2.80000000
Na
          2.80000000          8.40000000         -5.60000000
Na
          5.60000000          5.60000000         -5.60000000
Na
          5.60000000          8.40000000         -2.80000000
Na
          8.40000000          5.60000000         -2.80000000
Na
          8.40000000          8.40000000         -5.60000000
Na
        -11.20000000        -11.20000000          0.00000000
Na
        -11.20000000         -8.40000000          2.80000000
Na
         -8.40000000        -11.20000000          2.80000000
Na
         -8.40000000         -8.40000000          0.00000000
Na
         -5.60000000        -11.20000000          0.00000000
Na
         -5.60000000         -8.40000000          2.80000000
Na
         -2.80000000        -11.20000000          2.80000000
Na
         -2.80000000         -8.40000000          0.00000000
Na
          0.00000000        -11.20000000          0.00000000
Na
          0.00000000         -8.40000000          2.80000000
Na
          2.80000000        -11.20000000          2.80000000
Na
          2.80000000         -8.40000000          0.00000000
Na
          5.60000000        -11.20000000          0.00000000
Na
          5.60000000         -8.40000000          2.80000000
Na
          8.40000000        -11.20000000          2.80000000
Na
          8.40000000         -8.40000000          0.00000000
Na
        -11.20000000         -5.60000000          0.00000000
Na
        -11.20000000         -2.80000000          2.80000000
Na
         -8.40000000         -5.60000000          2.80000000
Na
         -8.40000000         -2.80000000          0.00000000
Na
         -5.60000000         -5.60000000          0.00000000
Na
         -5.60000000         -2.80000000          2.80000000
Na
         -2.80000000         -5.60000000          2.80000000
Na
         -2.80000000         -2.80000000          0.00000000
Na
          0.00000000         -5.60000000          0.00000000
Na
          0.00000000         -2.80000000          2.80000000
Na
          2.80000000         -5.60000000          2.80000000
Na
          2.80000000         -2.80000000          0.00000000
Na
          5.60000000         -5.60000000          0.00000000
Na
          5.60000000         -2.80000000          2.80000000
Na
          8.40000000         -5.60000000          2.80000000
Na
          8.40000000         -2.80000000          0.00000000
Na
        -11.20000000          0.00000000          0.00000000
Na
        -11.20000000          2.80000000          2.80000000
Na
         -8.40000000          0.00000000          2.80000000
Na
         -8.40000000          2.80000000          0.00000000
Na
         -5.60000000          0.00000000          0.00000000
Na
         -5.60000000          2.80000000          2.80000000
Na
         -2.80000000          0.00000000          2.80000000
Na
         -2.80000000          2.80000000          0.00000000
Na
          0.00000000          0.00000000          0.00000000
Na
          0.00000000          2.80000000          2.80000000
Na
          2.80000000          0.00000000          2.80000000
Na
          2.80000000          2.80000000          0.00000000
Na
          5.60000000          0.00000000          0.00000000
Na
          5.60000000          2.80000000          2.80000000
Na
          8.40000000          0.00000000          2.80000000
Na
          8.40000000          2.80000000          0.00000000
Na
        -11.20000000          5.60000000          0.00000000
Na
        -11.20000000          8.40000000          2.80000000
Na
         -8.40000000          5.60000000          2.80000000
Na
         -8.40000000          8.40000000          0.00000000
Na
         -5.60000000          5.60000000          0.00000000
Na
         -5.60000000          8.40000000          2.80000000
Na
         -2.80000000          5.60000000          2.80000000
Na
         -2.80000000          8.40000000          0.00000000
Na
          0.00000000          5.60000000          0.00000000
Na
          0.00000000          8.40000000          2.80000000
Na
          2.80000000          5.60000000          2.80000000
Na
          2.80000000          8.40000000          0.00000000
Na
          5.60000000          5.60000000          0.00000000
Na
          5.60000000          8.40000000          2.80000000
Na
          8.40000000          5.60000000          2.80000000
Na
          8.40000000          8.40000000          0.00000000
Na
        -11.20000000        -11.20000000          5.60000000
Na
        -11.20000000         -8.40000000          8.40000000
Na
         -8.40000000        -11.20000000          8.40000000
Na
         -8.40000000         -8.40000000          5.60000000
Na
         -5.60000000        -11.20000000          5.60000000
Na
         -5.60000000         -8.40000000          8.40000000
Na
         -2.80000000        -11.20000000          8.40000000
Na
         -2.80000000         -8.40000000          5.60000000
Na
          0.00000000        -11.20000000          5.60000000
Na
          0.00000000         -8.40000000          8.40000000
Na
          2.80000000        -11.20000000          8.40000000
Na
          2.80000000         -8.40000000          5.60000000
Na
          5.60000000        -11.20000000          5.60000000
Na
          5.60000000         -8.40000000          8.40000000
Na
          8.40000000        -11.20000000          8.40000000
Na
          8.40000000         -8.40000000          5.60000000
Na
        -11.20000000         -5.60000000          5.60000000
Na
        -11.20000000         -2.80000000          8.40000000
Na
         -8.40000000         -5.60000000          8.40000000
Na
         -8.40000000         -2.80000000          5.60000000
Na
         -5.60000000         -5.60000000          5.60000000
Na
         -5.60000000         -2.80000000          8.40000000
Na
         -2.80000000         -5.60000000          8.40000000
Na
         -2.80000000         -2.80000000          5.60000000
Na
          0.00000000         -5.60000000          5.60000000
Na
          0.00000000         -2.80000000          8.40000000
Na
          2.80000000         -5.60000000          8.40000000
Na
          2.80000000         -2.80000000          5.60000000
Na
          5.60000000         -5.60000000          5.60000000
Na
          5.60000000         -2.80000000          8.40000000
Na
          8.40000000         -5.60000000          8.40000000
Na
          8.40000000         -2.80000000          5.60000000
Na
        -11.20000000          0.00000000          5.60000000
Na
        -11.20000000          2.80000000          8.40000000
Na
         -8.40000000          0.00000000          8.40000000
Na
         -8.40000000          2.80000000          5.60000000
Na
         -5.60000000          0.00000000          5.60000000
Na
         -5.60000000          2.80000000          8.40000000
Na
         -2.80000000          0.00000000          8.40000000
Na
         -2.80000000          2.80000000          5.60000000
Na
          0.00000000          0.00000000          5.60000000
Na
          0.00000000          2.80000000          8.40000000
Na
          2.80000000          0.00000000          8.40000000
Na
          2.80000000          2.80000000          5.60000000
Na
          5.60000000          0.00000000          5.60000000
Na
          5.60000000          2.80000000          8.40000000
Na
          8.40000000          0.00000000          8.40000000
Na
          8.40000000          2.80000000          5.60000000
Na
        -11.20000000          5.60000000          5.60000000
Na
        -11.20000000          8.40000000          8.40000000
Na
         -8.40000000          5.60000000          8.40000000
Na
         -8.40000000          8.40000000          5.60000000
Na
         -5.60000000          5.60000000          5.60000000
Na
         -5.60000000          8.40000000          8.40000000
Na
         -2.80000000          5.60000000          8.40000000
Na
         -2.80000000          8.40000000          5.60000000
Na
          0.00000000          5.60000000          5.60000000
Na
          0.00000000          8.40000000          8.40000000
Na
          2.80000000          5.60000000          8.40000000
Na
          2.80000000          8.40000000          5.60000000
Na
          5.60000000          5.60000000          5.60000000
Na
          5.60000000          8.40000000          8.40000000
Na
          8.40000000          5.60000000          8.40000000
Na
          8.40000000          8.40000000          5.60000000
Cl
         -8.40000000         -8.40000000         -8.40000000
Cl
         -8.40000000        -11.20000000        -11.20000000
Cl
        -11.20000000         -8.40000000        -11.20000000
Cl
        -11.20000000        -11.20000000         -8.40000000
Cl
         -2.80000000         -8.40000000         -8.40000000
Cl
         -2.80000000        -11.20000000        -11.20000000
Cl
         -5.60000000         -8.40000000        -11.20000000
Cl
         -5.60000000        -11.20000000         -8.40000000
Cl
          2.80000000         -8.40000000         -8.40000000
Cl
          2.80000000        -11.20000000        -11.20000000
Cl
          0.00000000         -8.40000000        -11.20000000
Cl
          0.00000000        -11.20000000         -8.40000000
Cl
          8.40000000         -8.40000000         -8.40000000
Cl
          8.40000000        -11.20000000        -11.20000000
Cl
          5.60000000         -8.40000000        -11.20000000
Cl
          5.60000000        -11.20000000         -8.40000000
Cl
         -8.40000000         -2.80000000         -8.40000000
Cl
         -8.40000000         -5.60000000        -11.20000000
Cl
        -11.20000000         -2.80000000        -11.20000000
Cl
        -11.20000000         -5.60000000         -8.40000000
Cl
         -2.80000000         -2.80000000         -8.40000000
Cl
         -2.80000000         -5.60000000        -11.20000000
Cl
         -5.60000000         -2.80000000        -11.20000000
Cl
         -5.60000000         -5.60000000         -8.40000000
Cl
          2.80000000         -2.80000000         -8.40000000
Cl
          2.80000000         -5.60000000        -11.20000000
Cl
          0.00000000         -2.80000000        -11.20000000
Cl
          0.00000000         -5.60000000         -8.40000000
Cl
          8.40000000         -2.80000000         -8.40000000
Cl
          8.40000000         -5.60000000        -11.20000000
Cl
          5.60000000         -2.80000000        -11.20000000
Cl
          5.60000000         -5.60000000         -8.40000000
Cl
         -8.40000000          2.80000000         -8.40000000
Cl
         -8.40000000          0.00000000        -11.20000000
Cl
        -11.20000000          2.80000000        -11.20000000
Cl
        -11.20000000          0.00000000         -8.40000000
Cl
         -2.80000000          2.80000000         -8.40000000
Cl
         -2.80000000          0.00000000        -11.20000000
Cl
         -5.60000000          2.80000000        -11.20000000
Cl
         -5.60000000          0.00000000         -8.40000000
Cl
          2.80000000          2.80000000         -8.40000000
Cl
          2.80000000          0.00000000        -11.20000000
Cl
          0.00000000          2.80000000        -11.20000000
Cl
          0.00000000          0.00000000         -8.40000000
Cl
          8.40000000          2.80000000         -8.40000000
Cl
          8.40000000          0.00000000        -11.20000000
Cl
          5.60000000          2.80000000        -11.20000000
Cl
          5.60000000          0.00000000         -8.40000000
Cl
         -8.40000000          8.40000000         -8.40000000
Cl
         -8.40000000          5.60000000        -11.20000000
Cl
        -11.20000000          8.40000000        -11.20000000
Cl
        -11.20000000          5.60000000         -8.40000000
Cl
         -2.80000000          8.40000000         -8.40000000
Cl
         -2.80000000          5.60000000        -11.20000000
Cl
         -5.60000000          8.40000000        -11.20000000
Cl
         -5.60000000          5.60000000         -8.40000000
Cl
          2.80000000          8.40000000         -8.40000000
Cl
          2.80000000          5.60000000        -11.20000000
Cl
          0.00000000          8.40000000        -11.20000000
Cl
          0.00000000          5.60000000         -8.40000000
Cl
          8.40000000          8.40000000         -8.40000000
Cl
          8.40000000          5.60000000        -11.20000000
Cl
          5.60000000          8.40000000        -11.20000000
Cl
          5.60000000          5.60000000         -8.40000000
Cl
         -8.40000000         -8.40000000         -2.80000000
Cl
         -8.40000000        -11.20000000         -5.60000000
Cl
        -11.20000000         -8.40000000         -5.60000000
Cl
        -11.20000000        -11.20000000         -2.80000000
Cl
         -2.80000000         -8.40000000         -2.80000000
Cl
         -2.80000000        -11.20000000         -5.60000000
Cl
         -5.60000000         -8.40000000         -5.60000000
Cl
         -5.60000000        -11.20000000         -2.80000000
Cl
          2.80000000         -8.40000000         -2.80000000
Cl
          2.80000000        -11.20000000         -5.60000000
Cl
          0.00000000         -8.40000000         -5.60000000
Cl
          0.00000000        -11.20000000         -2.80000000
Cl
          8.40000000         -8.40000000         -2.80000000
Cl
          8.40000000        -11.20000000         -5.60000000
Cl
          5.60000000         -8.40000000         -5.60000000
Cl
          5.60000000        -11.20000000         -2.80000000
Cl
         -8.40000000         -2.80000000         -2.80000000
Cl
         -8.40000000         -5.60000000         -5.60000000
Cl
        -11.20000000         -2.80000000         -5.60000000
Cl
        -11.20000000         -5.60000000         -2.80000000
Cl
         -2.80000000         -2.80000000         -2.80000000
Cl
         -2.80000000         -5.60000000         -5.60000000
Cl
         -5.60000000         -2.80000000         -5.60000000
Cl
         -5.60000000         -5.60000000         -2.80000000
Cl
          2.80000000         -2.80000000         -2.80000000
Cl
          2.80000000         -5.60000000         -5.60000000
Cl
          0.00000000         -2.80000000         -5.60000000
Cl
          0.00000000         -5.60000000         -2.80000000
Cl
          8.40000000         -2.80000000         -2.80000000
Cl
          8.40000000         -5.60000000         -5.60000000
Cl
          5.60000000         -2.80000000         -5.60000000
Cl
          5.60000000         -5.60000000         -2.80000000
Cl
         -8.40000000          2.80000000         -2.80000000
Cl
         -8.40000000          0.00000000         -5.60000000
Cl
        -11.20000000          2.80000000         -5.60000000
Cl
        -11.20000000          0.00000000         -2.80000000
Cl
         -2.80000000          2.80000000         -2.80000000
Cl
         -2.80000000          0.00000000         -5.60000000
Cl
         -5.60000000          2.80000000         -5.60000000
Cl
         -5.60000000          0.00000000         -2.80000000
Cl
          2.80000000          2.80000000         -2.80000000
Cl
          2.80000000          0.00000000         -5.60000000
Cl
          0.00000000          2.80000000         -5.60000000
Cl
          0.00000000          0.00000000         -2.80000000
Cl
          8.40000000          2.80000000         -2.80000000
Cl
          8.40000000          0.00000000         -5.60000000
Cl
          5.60000000          2.80000000         -5.60000000
Cl
          5.60000000          0.00000000         -2.80000000
Cl
         -8.40000000          8.40000000         -2.80000000
Cl
         -8.40000000          5.60000000         -5.60000000
Cl
        -11.20000000          8.40000000         -5.60000000
Cl
        -11.20000000          5.60000000         -2.80000000
Cl
         -2.80000000          8.40000000         -2.80000000
Cl
         -2.80000000          5.60000000         -5.60000000
Cl
         -5.60000000          8.40000000         -5.60000000
Cl
         -5.60000000          5.60000000         -2.80000000
Cl
          2.80000000          8.40000000         -2.80000000
Cl
          2.80000000          5.60000000         -5.60000000
Cl
          0.00000000          8.40000000         -5.60000000
Cl
          0.00000000          5.60000000         -2.80000000
Cl
          8.40000000          8.40000000         -2.80000000
Cl
          8.40000000          5.60000000         -5.60000000
Cl
          5.60000000          8.40000000         -5.60000000
Cl
          5.60000000          5.60000000         -2.80000000
Cl
         -8.40000000         -8.40000000          2.80000000
Cl
         -8.40000000        -11.20000000          0.00000000
Cl
        -11.20000000         -8.40000000          0.00000000
Cl
        -11.20000000        -11.20000000          2.80000000
Cl
         -2.80000000         -8.40000000          2.80000000
Cl
         -2.80000000        -11.20000000          0.00000000
Cl
         -5.60000000         -8.40000000          0.00000000
Cl
         -5.60000000        -11.20000000          2.80000000
Cl
          2.80000000         -8.40000000          2.80000000
Cl
          2.80000000        -11.20000000          0.00000000
Cl
          0.00000000         -8.40000000          0.00000000
Cl
          0.00000000        -11.20000000          2.80000000
Cl
          8.40000000         -8.40000000          2.80000000
Cl
          8.40000000        -11.20000000          0.00000000
Cl
          5.60000000         -8.40000000          0.00000000
Cl
          5.60000000        -11.20000000          2.80000000
Cl
         -8.40000000         -2.80000000          2.80000000
Cl
         -8.40000000         -5.60000000          0.00000000
Cl
        -11.20000000         -2.80000000          0.00000000
Cl
        -11.20000000         -5.60000000          2.80000000
Cl
         -2.80000000         -2.80000000          2.80000000
Cl
         -2.80000000         -5.60000000          0.00000000
Cl
         -5.60000000         -2.80000000          0.00000000
Cl
         -5.60000000         -5.60000000          2.80000000
Cl
          2.80000000         -2.80000000          2.80000000
Cl
          2.80000000         -5.60000000          0.00000000
Cl
          0.00000000         -2.80000000          0.00000000
Cl
          0.00000000         -5.60000000          2.80000000
Cl
          8.40000000         -2.80000000          2.80000000
Cl
          8.40000000         -5.60000000          0.00000000
Cl
          5.60000000         -2.80000000          0.00000000
Cl
          5.60000000         -5.60000000          2.80000000
Cl
         -8.40000000          2.80000000          2.80000000
Cl
         -8.40000000          0.00000000          0.00000000
Cl
        -11.20000000          2.80000000          0.00000000
Cl
        -11.20000000          0.00000000          2.80000000
Cl
         -2.80000000          2.80000000          2.80000000
Cl
         -2.80000000          0.00000000          0.00000000
Cl
         -5.60000000          2.80000000          0.00000000
Cl
         -5.60000000          0.00000000          2.80000000
Cl
          2.80000000          2.80000000          2.80000000
Cl
          2.80000000          0.00000000          0.00000000
Cl
          0.00000000          2.80000000          0.00000000
Cl
          0.00000000          0.00000000          2.80000000
Cl
          8.40000000          2.80000000          2.80000000
Cl
          8.40000000          0.00000000          0.00000000
Cl
          5.60000000          2.80000000          0.00000000
Cl
          5.60000000          0.00000000          2.80000000
Cl
         -8.40000000          8.40000000          2.80000000
Cl
         -8.40000000          5.60000000          0.00000000
Cl
        -11.20000000          8.40000000          0.00000000
Cl
        -11.20000000          5.60000000          2.80000000
Cl
         -2.80000000          8.40000000          2.80000000
Cl
         -2.80000000          5.60000000          0.00000000
Cl
         -5.60000000          8.40000000          0.00000000
Cl
         -5.60000000          5.60000000          2.80000000
Cl
          2.80000000          8.40000000          2.80000000
Cl
          2.80000000          5.60000000          0.00000000
Cl
          0.00000000          8.40000000          0.00000000
Cl
          0.00000000          5.60000000          2.80000000
Cl
          8.40000000          8.40000000          2.80000000
Cl
          8.40000000          5.60000000          0.00000000
Cl
          5.60000000          8.40000000          0.00000000
Cl
          5.60000000          5.60000000          2.80000000
Cl
         -8.40000000         -8.40000000          8.40000000
Cl
         -8.40000000        -11.20000000          5.60000000
Cl
        -11.20000000         -8.40000000          5.60000000
Cl
        -11.20000000        -11.20000000          8.40000000
Cl
         -2.80000000         -8.40000000          8.40000000
Cl
         -2.80000000        -11.20000000          5.60000000
Cl
         -5.60000000         -8.40000000          5.60000000
Cl
         -5.60000000        -11.20000000          8.40000000
Cl
          2.80000000         -8.40000000          8.40000000
Cl
          2.80000000        -11.20000000          5.60000000
Cl
          0.00000000         -8.40000000          5.60000000
Cl
          0.00000000        -11.20000000          8.40000000
Cl
          8.40000000         -8.40000000          8.40000000
Cl
          8.40000000        -11.20000000          5.60000000
Cl
          5.60000000         -8.40000000          5.60000000
Cl
          5.60000000        -11.20000000          8.40000000
Cl
         -8.40000000         -2.80000000          8.40000000
Cl
         -8.40000000         -5.60000000          5.60000000
Cl
        -11.20000000         -2.80000000          5.60000000
Cl
        -11.20000000         -5.60000000          8.40000000
Cl
         -2.80000000         -2.80000000          8.40000000
Cl
         -2.80000000         -5.60000000          5.60000000
Cl
         -5.60000000         -2.80000000          5.60000000
Cl
         -5.60000000         -5.60000000          8.40000000
Cl
          2.80000000         -2.80000000          8.40000000
Cl
          2.80000000         -5.60000000          5.60000000
Cl
          0.00000000         -2.80000000          5.60000000
Cl
          0.00000000         -5.60000000          8.40000000
Cl
          8.40000000         -2.80000000          8.40000000
Cl
          8.40000000         -5.60000000          5.60000000
Cl
          5.60000000         -2.80000000          5.60000000
Cl
          5.60000000         -5.60000000          8.40000000
Cl
         -8.40000000          2.80000000          8.40000000
Cl
         -8.40000000          0.00000000          5.60000000
Cl
        -11.20000000          2.80000000          5.60000000
Cl
        -11.20000000          0.00000000          8.40000000
Cl
         -2.80000000          2.80000000          8.40000000
Cl
         -2.80000000          0.00000000          5.60000000
Cl
         -5.60000000          2.80000000          5.60000000
Cl
         -5.60000000          0.00000000          8.40000000
Cl
          2.80000000          2.80000000          8.40000000
Cl
          2.80000000          0.00000000          5.60000000
Cl
          0.00000000          2.80000000          5.60000000
Cl
          0.00000000          0.00000000          8.40000000
Cl
          8.40000000          2.80000000          8.40000000
Cl
          8.40000000          0.00000000          5.60000000
Cl
          5.60000000          2.80000000          5.60000000
Cl
          5.60000000          0.00000000          8.40000000
Cl
         -8.40000000          8.40000000          8.40000000
Cl
         -8.40000000          5.60000000          5.60000000
Cl
        -11.20000000          8.40000000          5.60000000
Cl
        -11.20000000          5.60000000          8.40000000
Cl
         -2.80000000          8.40000000          8.40000000
Cl
         -2.80000000          5.60000000          5.60000000
Cl
         -5.60000000          8.40000000          5.60000000
Cl
         -5.60000000          5.60000000          8.40000000
Cl
          2.80000000          8.40000000          8.40000000
Cl
          2.80000000          5.60000000          5.60000000
Cl
          0.00000000          8.40000000          5.60000000
Cl
          0.00000000          5.60000000          8.40000000
Cl
          8.40000000          8.40000000          8.40000000
Cl
          8.40000000          5.60000000          5.60000000
Cl
          5.60000000          8.40000000          5.60000000
Cl
          5.60000000          5.60000000          8.40000000
