magnezium oxide                                                         
         6       200
U       U       
  2.500000E-02           NaN
  7.500000E-02           NaN
  1.250000E-01           NaN
  1.750000E-01           NaN
  2.250000E-01           NaN
  2.750000E-01           NaN
  3.250000E-01           NaN
  3.750000E-01           NaN
  4.250000E-01           NaN
  4.750000E-01           NaN
  5.250000E-01           NaN
  5.750000E-01           NaN
  6.250000E-01           NaN
  6.750000E-01           NaN
  7.250000E-01           NaN
  7.750000E-01           NaN
  8.250000E-01           NaN
  8.750000E-01           NaN
  9.250000E-01           NaN
  9.750000E-01           NaN
  1.025000E+00           NaN
  1.075000E+00           NaN
  1.125000E+00           NaN
  1.175000E+00           NaN
  1.225000E+00           NaN
  1.275000E+00           NaN
  1.325000E+00           NaN
  1.375000E+00           NaN
  1.425000E+00           NaN
  1.475000E+00           NaN
  1.525000E+00           NaN
  1.575000E+00           NaN
  1.625000E+00           NaN
  1.675000E+00           NaN
  1.725000E+00           NaN
  1.775000E+00           NaN
  1.825000E+00           NaN
  1.875000E+00           NaN
  1.925000E+00           NaN
  1.975000E+00           NaN
  2.025000E+00           NaN
  2.075000E+00           NaN
  2.125000E+00           NaN
  2.175000E+00           NaN
  2.225000E+00           NaN
  2.275000E+00           NaN
  2.325000E+00           NaN
  2.375000E+00           NaN
  2.425000E+00           NaN
  2.475000E+00           NaN
  2.525000E+00           NaN
  2.575000E+00           NaN
  2.625000E+00           NaN
  2.675000E+00           NaN
  2.725000E+00           NaN
  2.775000E+00           NaN
  2.825000E+00           NaN
  2.875000E+00           NaN
  2.925000E+00           NaN
  2.975000E+00           NaN
  3.025000E+00           NaN
  3.075000E+00           NaN
  3.125000E+00           NaN
  3.175000E+00           NaN
  3.225000E+00           NaN
  3.275000E+00           NaN
  3.325000E+00           NaN
  3.375000E+00           NaN
  3.425000E+00           NaN
  3.475000E+00           NaN
  3.525000E+00           NaN
  3.575000E+00           NaN
  3.625000E+00           NaN
  3.675000E+00           NaN
  3.725000E+00           NaN
  3.775000E+00           NaN
  3.825000E+00           NaN
  3.875000E+00           NaN
  3.925000E+00           NaN
  3.975000E+00           NaN
  4.025000E+00           NaN
  4.075000E+00           NaN
  4.125000E+00           NaN
  4.175000E+00           NaN
  4.225000E+00           NaN
  4.275000E+00           NaN
  4.325000E+00           NaN
  4.375000E+00           NaN
  4.425000E+00           NaN
  4.475000E+00           NaN
  4.525000E+00           NaN
  4.575000E+00           NaN
  4.625000E+00           NaN
  4.675000E+00           NaN
  4.725000E+00           NaN
  4.775000E+00           NaN
  4.825000E+00           NaN
  4.875000E+00           NaN
  4.925000E+00           NaN
  4.975000E+00           NaN
  5.025000E+00           NaN
  5.075000E+00           NaN
  5.125000E+00           NaN
  5.175000E+00           NaN
  5.225000E+00           NaN
  5.275000E+00           NaN
  5.325000E+00           NaN
  5.375000E+00           NaN
  5.425000E+00           NaN
  5.475000E+00           NaN
  5.525000E+00           NaN
  5.575000E+00           NaN
  5.625000E+00           NaN
  5.675000E+00           NaN
  5.725000E+00           NaN
  5.775000E+00           NaN
  5.825000E+00           NaN
  5.875000E+00           NaN
  5.925000E+00           NaN
  5.975000E+00           NaN
  6.025000E+00           NaN
  6.075000E+00           NaN
  6.125000E+00           NaN
  6.175000E+00           NaN
  6.225000E+00           NaN
  6.275000E+00           NaN
  6.325000E+00           NaN
  6.375000E+00           NaN
  6.425000E+00           NaN
  6.475000E+00           NaN
  6.525000E+00           NaN
  6.575000E+00           NaN
  6.625000E+00           NaN
  6.675000E+00           NaN
  6.725000E+00           NaN
  6.775000E+00           NaN
  6.825000E+00           NaN
  6.875000E+00           NaN
  6.925000E+00           NaN
  6.975000E+00           NaN
  7.025000E+00           NaN
  7.075000E+00           NaN
  7.125000E+00           NaN
  7.175000E+00           NaN
  7.225000E+00           NaN
  7.275000E+00           NaN
  7.325000E+00           NaN
  7.375000E+00           NaN
  7.425000E+00           NaN
  7.475000E+00           NaN
  7.525000E+00           NaN
  7.575000E+00           NaN
  7.625000E+00           NaN
  7.675000E+00           NaN
  7.725000E+00           NaN
  7.775000E+00           NaN
  7.825000E+00           NaN
  7.875000E+00           NaN
  7.925000E+00           NaN
  7.975000E+00           NaN
  8.025000E+00           NaN
  8.075000E+00           NaN
  8.125000E+00           NaN
  8.175000E+00           NaN
  8.225000E+00           NaN
  8.275000E+00           NaN
  8.325000E+00           NaN
  8.375000E+00           NaN
  8.425000E+00           NaN
  8.475000E+00           NaN
  8.525000E+00           NaN
  8.575000E+00           NaN
  8.625000E+00           NaN
  8.675000E+00           NaN
  8.725000E+00           NaN
  8.775000E+00           NaN
  8.825000E+00           NaN
  8.875000E+00           NaN
  8.925000E+00           NaN
  8.975000E+00           NaN
  9.025000E+00           NaN
  9.075000E+00           NaN
  9.125000E+00           NaN
  9.175000E+00           NaN
  9.225000E+00           NaN
  9.275000E+00           NaN
  9.325000E+00           NaN
  9.375000E+00           NaN
  9.425000E+00           NaN
  9.475000E+00           NaN
  9.525000E+00           NaN
  9.575000E+00           NaN
  9.625000E+00           NaN
  9.675000E+00           NaN
  9.725000E+00           NaN
  9.775000E+00           NaN
  9.825000E+00           NaN
  9.875000E+00           NaN
  9.925000E+00           NaN
  9.975000E+00           NaN
U       Mg      
  2.500000E-02  0.000000E+00
  7.500000E-02  0.000000E+00
  1.250000E-01  0.000000E+00
  1.750000E-01  0.000000E+00
  2.250000E-01  0.000000E+00
  2.750000E-01  0.000000E+00
  3.250000E-01  0.000000E+00
  3.750000E-01  0.000000E+00
  4.250000E-01  0.000000E+00
  4.750000E-01  0.000000E+00
  5.250000E-01  0.000000E+00
  5.750000E-01  0.000000E+00
  6.250000E-01  0.000000E+00
  6.750000E-01  0.000000E+00
  7.250000E-01  0.000000E+00
  7.750000E-01  0.000000E+00
  8.250000E-01  0.000000E+00
  8.750000E-01  0.000000E+00
  9.250000E-01  0.000000E+00
  9.750000E-01  0.000000E+00
  1.025000E+00  0.000000E+00
  1.075000E+00  6.276821E-01
  1.125000E+00  0.000000E+00
  1.175000E+00  0.000000E+00
  1.225000E+00  0.000000E+00
  1.275000E+00  0.000000E+00
  1.325000E+00  0.000000E+00
  1.375000E+00  0.000000E+00
  1.425000E+00  0.000000E+00
  1.475000E+00  0.000000E+00
  1.525000E+00  0.000000E+00
  1.575000E+00  0.000000E+00
  1.625000E+00  0.000000E+00
  1.675000E+00  0.000000E+00
  1.725000E+00  0.000000E+00
  1.775000E+00  0.000000E+00
  1.825000E+00  4.356243E-01
  1.875000E+00  2.063510E-01
  1.925000E+00  3.915426E-01
  1.975000E+00  3.719697E-01
  2.025000E+00  0.000000E+00
  2.075000E+00  3.369828E-01
  2.125000E+00  1.606560E-01
  2.175000E+00  6.134191E-01
  2.225000E+00  4.396205E+00
  2.275000E+00  3.223907E+00
  2.325000E+00  1.744679E+00
  2.375000E+00  1.671995E+00
  2.425000E+00  2.343957E+00
  2.475000E+00  2.723940E+00
  2.525000E+00  2.275768E+00
  2.575000E+00  1.422362E+00
  2.625000E+00  1.579263E+00
  2.675000E+00  9.124672E-01
  2.725000E+00  1.953978E+00
  2.775000E+00  1.884201E+00
  2.825000E+00  2.090810E+00
  2.875000E+00  1.579868E+00
  2.925000E+00  5.087728E-01
  2.975000E+00  2.131200E+00
  3.025000E+00  6.342556E-01
  3.075000E+00  0.000000E+00
  3.125000E+00  3.714460E-01
  3.175000E+00  7.196785E-02
  3.225000E+00  0.000000E+00
  3.275000E+00  2.705602E-01
  3.325000E+00  1.968633E-01
  3.375000E+00  6.369120E-02
  3.425000E+00  2.473809E-01
  3.475000E+00  4.806266E-01
  3.525000E+00  6.422470E-01
  3.575000E+00  8.514655E-01
  3.625000E+00  7.729299E-01
  3.675000E+00  9.669100E-01
  3.725000E+00  8.365576E-01
  3.775000E+00  1.527270E+00
  3.825000E+00  7.438017E-01
  3.875000E+00  1.304516E+00
  3.925000E+00  8.476611E-01
  3.975000E+00  3.673203E-01
  4.025000E+00  6.717209E-01
  4.075000E+00  6.553383E-01
  4.125000E+00  6.395478E-01
  4.175000E+00  3.745927E-01
  4.225000E+00  1.016053E+00
  4.275000E+00  8.336372E-01
  4.325000E+00  1.551379E+00
  4.375000E+00  1.478219E+00
  4.425000E+00  1.445002E+00
  4.475000E+00  1.594032E+00
  4.525000E+00  1.204682E+00
  4.575000E+00  1.490448E+00
  4.625000E+00  1.458397E+00
  4.675000E+00  1.195006E+00
  4.725000E+00  1.137353E+00
  4.775000E+00  8.909273E-01
  4.825000E+00  1.153023E+00
  4.875000E+00  9.463322E-01
  4.925000E+00  1.016945E+00
  4.975000E+00  9.672953E-01
  5.025000E+00  1.350383E+00
  5.075000E+00  1.211233E+00
  5.125000E+00  1.491549E+00
  5.175000E+00  2.113029E+00
  5.225000E+00  9.832428E-01
  5.275000E+00  8.604006E-01
  5.325000E+00  7.931480E-01
  5.375000E+00  1.004465E+00
  5.425000E+00  6.409228E-01
  5.475000E+00  8.470942E-01
  5.525000E+00  6.654654E-01
  5.575000E+00  4.435023E-01
  5.625000E+00  4.815111E-01
  5.675000E+00  4.505369E-01
  5.725000E+00  6.419175E-01
  5.775000E+00  9.136452E-01
  5.825000E+00  5.131587E-01
  5.875000E+00  5.464997E-01
  5.925000E+00  2.273256E-01
  5.975000E+00  7.925400E-01
  6.025000E+00  3.597418E-01
  6.075000E+00  6.290569E-01
  6.125000E+00  7.928741E-01
  6.175000E+00  9.513245E-01
  6.225000E+00  1.666264E+00
  6.275000E+00  1.271318E+00
  6.325000E+00  1.305702E+00
  6.375000E+00  1.088936E+00
  6.425000E+00  1.423546E+00
  6.475000E+00  1.661210E+00
  6.525000E+00  1.158726E+00
  6.575000E+00  9.230050E-01
  6.625000E+00  1.371953E+00
  6.675000E+00  1.416608E+00
  6.725000E+00  1.347497E+00
  6.775000E+00  9.483434E-01
  6.825000E+00  1.105824E+00
  6.875000E+00  1.059099E+00
  6.925000E+00  1.346429E+00
  6.975000E+00  1.252633E+00
  7.025000E+00  1.029055E+00
  7.075000E+00  1.231967E+00
  7.125000E+00  1.186155E+00
  7.175000E+00  1.085126E+00
  7.225000E+00  9.033808E-01
  7.275000E+00  1.192577E+00
  7.325000E+00  9.600113E-01
  7.375000E+00  1.147117E+00
  7.425000E+00  8.422100E-01
  7.475000E+00  8.569488E-01
  7.525000E+00  9.609076E-01
  7.575000E+00  7.333243E-01
  7.625000E+00  5.365648E-01
  7.675000E+00  5.542289E-01
  7.725000E+00  6.078641E-01
  7.775000E+00  8.521009E-01
  7.825000E+00  8.530948E-01
  7.875000E+00  1.555908E+00
  7.925000E+00  8.663557E-01
  7.975000E+00  9.810036E-01
  8.025000E+00  9.350214E-01
  8.075000E+00  1.268392E+00
  8.125000E+00  9.341267E-01
  8.175000E+00  7.381880E-01
  8.225000E+00  6.327233E-01
  8.275000E+00  8.264037E-01
  8.325000E+00  6.176141E-01
  8.375000E+00  6.412919E-01
  8.425000E+00  6.950288E-01
  8.475000E+00  8.282628E-01
  8.525000E+00  1.028211E+00
  8.575000E+00  9.175895E-01
  8.625000E+00  1.180051E+00
  8.675000E+00  1.176128E+00
  8.725000E+00  1.162687E+00
  8.775000E+00  1.158896E+00
  8.825000E+00  1.238956E+00
  8.875000E+00  1.169771E+00
  8.925000E+00  1.502800E+00
  8.975000E+00  1.080802E+00
  9.025000E+00  1.033231E+00
  9.075000E+00  1.065923E+00
  9.125000E+00  1.062987E+00
  9.175000E+00  1.120379E+00
  9.225000E+00  1.227619E+00
  9.275000E+00  1.366221E+00
  9.325000E+00  1.159714E+00
  9.375000E+00  1.320722E+00
  9.425000E+00  1.510925E+00
  9.475000E+00  1.301072E+00
  9.525000E+00  1.063544E+00
  9.575000E+00  1.084119E+00
  9.625000E+00  9.475843E-01
  9.675000E+00  7.750541E-01
  9.725000E+00  7.824470E-01
  9.775000E+00  7.820557E-01
  9.825000E+00  7.064749E-01
  9.875000E+00  8.630139E-01
  9.925000E+00  8.027855E-01
  9.975000E+00  9.114194E-01
U       O       
  2.500000E-02  0.000000E+00
  7.500000E-02  0.000000E+00
  1.250000E-01  0.000000E+00
  1.750000E-01  0.000000E+00
  2.250000E-01  0.000000E+00
  2.750000E-01  0.000000E+00
  3.250000E-01  0.000000E+00
  3.750000E-01  0.000000E+00
  4.250000E-01  0.000000E+00
  4.750000E-01  0.000000E+00
  5.250000E-01  0.000000E+00
  5.750000E-01  2.190397E+00
  6.250000E-01  0.000000E+00
  6.750000E-01  0.000000E+00
  7.250000E-01  0.000000E+00
  7.750000E-01  0.000000E+00
  8.250000E-01  0.000000E+00
  8.750000E-01  0.000000E+00
  9.250000E-01  0.000000E+00
  9.750000E-01  1.752893E+01
  1.025000E+00  4.206569E+01
  1.075000E+00  1.253911E+01
  1.125000E+00  5.724736E-01
  1.175000E+00  0.000000E+00
  1.225000E+00  0.000000E+00
  1.275000E+00  0.000000E+00
  1.325000E+00  0.000000E+00
  1.375000E+00  0.000000E+00
  1.425000E+00  0.000000E+00
  1.475000E+00  0.000000E+00
  1.525000E+00  0.000000E+00
  1.575000E+00  0.000000E+00
  1.625000E+00  0.000000E+00
  1.675000E+00  0.000000E+00
  1.725000E+00  0.000000E+00
  1.775000E+00  2.299887E-01
  1.825000E+00  6.526801E-01
  1.875000E+00  0.000000E+00
  1.925000E+00  1.955447E-01
  1.975000E+00  0.000000E+00
  2.025000E+00  1.767095E-01
  2.075000E+00  0.000000E+00
  2.125000E+00  9.628206E-01
  2.175000E+00  0.000000E+00
  2.225000E+00  2.927411E-01
  2.275000E+00  2.800153E-01
  2.325000E+00  0.000000E+00
  2.375000E+00  1.284662E-01
  2.425000E+00  0.000000E+00
  2.475000E+00  1.182951E-01
  2.525000E+00  1.136567E-01
  2.575000E+00  4.371434E-01
  2.625000E+00  2.103247E-01
  2.675000E+00  4.050716E-01
  2.725000E+00  6.831009E-01
  2.775000E+00  9.410101E-01
  2.825000E+00  1.271194E+00
  2.875000E+00  1.315033E+00
  2.925000E+00  2.456222E+00
  2.975000E+00  1.964984E+00
  3.025000E+00  2.058945E+00
  3.075000E+00  1.072902E+00
  3.125000E+00  8.162353E-01
  3.175000E+00  7.188455E-01
  3.225000E+00  3.483645E-01
  3.275000E+00  8.107411E-01
  3.325000E+00  9.831772E-01
  3.375000E+00  1.526820E+00
  3.425000E+00  2.409172E+00
  3.475000E+00  2.040299E+00
  3.525000E+00  1.749556E+00
  3.575000E+00  1.927755E+00
  3.625000E+00  1.819797E+00
  3.675000E+00  8.584808E-01
  3.725000E+00  7.311407E-01
  3.775000E+00  6.610512E-01
  3.825000E+00  1.386823E+00
  3.875000E+00  9.651894E-01
  3.925000E+00  5.174156E-01
  3.975000E+00  2.293095E-01
  4.025000E+00  4.472956E-01
  4.075000E+00  2.181933E-01
  4.125000E+00  4.684589E-01
  4.175000E+00  3.325859E-01
  4.225000E+00  9.742822E-01
  4.275000E+00  6.740680E-01
  4.325000E+00  1.162188E+00
  4.375000E+00  1.400790E+00
  4.425000E+00  8.141858E-01
  4.475000E+00  1.302698E+00
  4.525000E+00  9.555517E-01
  4.575000E+00  9.001582E-01
  4.625000E+00  7.791699E-01
  4.675000E+00  7.957486E-01
  4.725000E+00  1.298328E+00
  4.775000E+00  6.674221E-01
  4.825000E+00  1.027182E+00
  4.875000E+00  8.537623E-01
  4.925000E+00  1.135271E+00
  4.975000E+00  1.258956E+00
  5.025000E+00  1.119234E+00
  5.075000E+00  8.440684E-01
  5.125000E+00  9.932151E-01
  5.175000E+00  1.055292E+00
  5.225000E+00  1.300625E+00
  5.275000E+00  1.093788E+00
  5.325000E+00  7.922300E-01
  5.375000E+00  1.329376E+00
  5.425000E+00  1.132628E+00
  5.475000E+00  9.669872E-01
  5.525000E+00  1.068260E+00
  5.575000E+00  1.095815E+00
  5.625000E+00  1.030615E+00
  5.675000E+00  7.650263E-01
  5.725000E+00  9.285976E-01
  5.775000E+00  8.256746E-01
  5.825000E+00  6.193491E-01
  5.875000E+00  7.768110E-01
  5.925000E+00  6.811875E-01
  5.975000E+00  7.104307E-01
  6.025000E+00  9.382385E-01
  6.075000E+00  9.032227E-01
  6.125000E+00  1.216909E+00
  6.175000E+00  1.197281E+00
  6.225000E+00  1.271627E+00
  6.275000E+00  1.233040E+00
  6.325000E+00  1.720808E+00
  6.375000E+00  1.176829E+00
  6.425000E+00  1.369236E+00
  6.475000E+00  1.106191E+00
  6.525000E+00  8.169775E-01
  6.575000E+00  8.884117E-01
  6.625000E+00  7.099482E-01
  6.675000E+00  8.132001E-01
  6.725000E+00  7.210377E-01
  6.775000E+00  7.420092E-01
  6.825000E+00  6.378354E-01
  6.875000E+00  7.972381E-01
  6.925000E+00  8.159890E-01
  6.975000E+00  1.221393E+00
  7.025000E+00  8.222910E-01
  7.075000E+00  8.830944E-01
  7.125000E+00  8.136457E-01
  7.175000E+00  8.304977E-01
  7.225000E+00  8.884532E-01
  7.275000E+00  1.245965E+00
  7.325000E+00  1.256024E+00
  7.375000E+00  1.039204E+00
  7.425000E+00  9.989668E-01
  7.475000E+00  1.102369E+00
  7.525000E+00  9.342009E-01
  7.575000E+00  1.275518E+00
  7.625000E+00  8.849304E-01
  7.675000E+00  9.595515E-01
  7.725000E+00  1.080746E+00
  7.775000E+00  1.066890E+00
  7.825000E+00  1.254491E+00
  7.875000E+00  1.063337E+00
  7.925000E+00  1.165342E+00
  7.975000E+00  1.127988E+00
  8.025000E+00  9.676961E-01
  8.075000E+00  1.344717E+00
  8.125000E+00  1.262356E+00
  8.175000E+00  1.019255E+00
  8.225000E+00  1.017613E+00
  8.275000E+00  8.148645E-01
  8.325000E+00  9.201209E-01
  8.375000E+00  8.265156E-01
  8.425000E+00  7.452702E-01
  8.475000E+00  9.080167E-01
  8.525000E+00  1.116760E+00
  8.575000E+00  1.074210E+00
  8.625000E+00  1.237133E+00
  8.675000E+00  1.540678E+00
  8.725000E+00  1.018553E+00
  8.775000E+00  8.469916E-01
  8.825000E+00  7.350697E-01
  8.875000E+00  6.348092E-01
  8.925000E+00  7.732739E-01
  8.975000E+00  8.906297E-01
  9.025000E+00  9.074791E-01
  9.075000E+00  1.082288E+00
  9.125000E+00  1.192301E+00
  9.175000E+00  1.153516E+00
  9.225000E+00  1.098469E+00
  9.275000E+00  1.052963E+00
  9.325000E+00  9.166973E-01
  9.375000E+00  8.574756E-01
  9.425000E+00  7.505093E-01
  9.475000E+00  6.941783E-01
  9.525000E+00  7.907446E-01
  9.575000E+00  7.429872E-01
  9.625000E+00  1.345420E+00
  9.675000E+00  9.289885E-01
  9.725000E+00  8.581631E-01
  9.775000E+00  1.031422E+00
  9.825000E+00  1.133556E+00
  9.875000E+00  8.843086E-01
  9.925000E+00  9.416294E-01
  9.975000E+00  1.041457E+00
Mg      Mg      
  2.500000E-02  0.000000E+00
  7.500000E-02  0.000000E+00
  1.250000E-01  0.000000E+00
  1.750000E-01  0.000000E+00
  2.250000E-01  0.000000E+00
  2.750000E-01  0.000000E+00
  3.250000E-01  0.000000E+00
  3.750000E-01  0.000000E+00
  4.250000E-01  0.000000E+00
  4.750000E-01  0.000000E+00
  5.250000E-01  0.000000E+00
  5.750000E-01  0.000000E+00
  6.250000E-01  0.000000E+00
  6.750000E-01  0.000000E+00
  7.250000E-01  0.000000E+00
  7.750000E-01  0.000000E+00
  8.250000E-01  0.000000E+00
  8.750000E-01  0.000000E+00
  9.250000E-01  0.000000E+00
  9.750000E-01  0.000000E+00
  1.025000E+00  0.000000E+00
  1.075000E+00  0.000000E+00
  1.125000E+00  0.000000E+00
  1.175000E+00  0.000000E+00
  1.225000E+00  0.000000E+00
  1.275000E+00  0.000000E+00
  1.325000E+00  0.000000E+00
  1.375000E+00  0.000000E+00
  1.425000E+00  0.000000E+00
  1.475000E+00  0.000000E+00
  1.525000E+00  0.000000E+00
  1.575000E+00  6.785160E-04
  1.625000E+00  0.000000E+00
  1.675000E+00  1.199847E-03
  1.725000E+00  5.656517E-04
  1.775000E+00  0.000000E+00
  1.825000E+00  5.053646E-04
  1.875000E+00  4.787727E-04
  1.925000E+00  4.542258E-04
  1.975000E+00  0.000000E+00
  2.025000E+00  4.104739E-04
  2.075000E+00  7.818626E-04
  2.125000E+00  7.455037E-04
  2.175000E+00  3.913927E-03
  2.225000E+00  6.800007E-03
  2.275000E+00  1.105748E-02
  2.325000E+00  1.089841E-02
  2.375000E+00  9.250732E-03
  2.425000E+00  6.583346E-03
  2.475000E+00  7.693971E-03
  2.525000E+00  1.029640E-02
  2.575000E+00  1.700844E-02
  2.625000E+00  3.664183E-02
  2.675000E+00  7.692105E-02
  2.725000E+00  2.087719E-01
  2.775000E+00  7.160838E-01
  2.825000E+00  2.092708E+00
  2.875000E+00  4.500934E+00
  2.925000E+00  7.503907E+00
  2.975000E+00  1.033173E+01
  3.025000E+00  7.219440E+00
  3.075000E+00  4.190663E+00
  3.125000E+00  1.981850E+00
  3.175000E+00  7.854681E-01
  3.225000E+00  2.725409E-01
  3.275000E+00  9.683042E-02
  3.325000E+00  4.263087E-02
  3.375000E+00  2.246186E-02
  3.425000E+00  1.980195E-02
  3.475000E+00  1.700593E-02
  3.525000E+00  1.584959E-02
  3.575000E+00  1.409231E-02
  3.625000E+00  1.421863E-02
  3.675000E+00  1.246339E-02
  3.725000E+00  1.382940E-02
  3.775000E+00  1.618222E-02
  3.825000E+00  1.990374E-02
  3.875000E+00  3.463911E-02
  3.925000E+00  7.462652E-02
  3.975000E+00  1.845124E-01
  4.025000E+00  4.003311E-01
  4.075000E+00  7.995837E-01
  4.125000E+00  1.288790E+00
  4.175000E+00  1.818595E+00
  4.225000E+00  2.222681E+00
  4.275000E+00  1.439224E+00
  4.325000E+00  8.927628E-01
  4.375000E+00  4.747994E-01
  4.425000E+00  2.250589E-01
  4.475000E+00  9.733648E-02
  4.525000E+00  3.888456E-02
  4.575000E+00  3.136431E-02
  4.625000E+00  2.526010E-02
  4.675000E+00  2.672513E-02
  4.725000E+00  3.159105E-02
  4.775000E+00  4.038260E-02
  4.825000E+00  7.620786E-02
  4.875000E+00  1.765032E-01
  4.925000E+00  4.521223E-01
  4.975000E+00  1.060604E+00
  5.025000E+00  2.160733E+00
  5.075000E+00  3.573115E+00
  5.125000E+00  5.017139E+00
  5.175000E+00  5.883269E+00
  5.225000E+00  3.800101E+00
  5.275000E+00  2.345821E+00
  5.325000E+00  1.214862E+00
  5.375000E+00  5.385891E-01
  5.425000E+00  2.163672E-01
  5.475000E+00  9.641769E-02
  5.525000E+00  5.288211E-02
  5.575000E+00  4.072704E-02
  5.625000E+00  4.521981E-02
  5.675000E+00  8.174475E-02
  5.725000E+00  1.848870E-01
  5.775000E+00  4.216436E-01
  5.825000E+00  8.420684E-01
  5.875000E+00  1.372735E+00
  5.925000E+00  1.904289E+00
  5.975000E+00  2.197461E+00
  6.025000E+00  1.392179E+00
  6.075000E+00  8.581117E-01
  6.125000E+00  4.524556E-01
  6.175000E+00  2.087616E-01
  6.225000E+00  9.704202E-02
  6.275000E+00  6.036186E-02
  6.325000E+00  6.841556E-02
  6.375000E+00  1.413616E-01
  6.425000E+00  3.213183E-01
  6.475000E+00  6.997188E-01
  6.525000E+00  1.300028E+00
  6.575000E+00  2.081035E+00
  6.625000E+00  2.890141E+00
  6.675000E+00  3.452266E+00
  6.725000E+00  2.218769E+00
  6.775000E+00  1.428969E+00
  6.825000E+00  7.898795E-01
  6.875000E+00  3.795293E-01
  6.925000E+00  1.676411E-01
  6.975000E+00  8.988900E-02
  7.025000E+00  8.189462E-02
  7.075000E+00  1.286277E-01
  7.125000E+00  2.447380E-01
  7.175000E+00  4.276155E-01
  7.225000E+00  6.583410E-01
  7.275000E+00  9.671780E-01
  7.325000E+00  8.126889E-01
  7.375000E+00  5.849164E-01
  7.425000E+00  3.578110E-01
  7.475000E+00  2.049736E-01
  7.525000E+00  1.327286E-01
  7.575000E+00  1.559759E-01
  7.625000E+00  3.206418E-01
  7.675000E+00  7.289989E-01
  7.725000E+00  1.464064E+00
  7.775000E+00  2.518516E+00
  7.825000E+00  3.680057E+00
  7.875000E+00  5.046558E+00
  7.925000E+00  3.695191E+00
  7.975000E+00  2.501789E+00
  8.025000E+00  1.482945E+00
  8.075000E+00  7.398047E-01
  8.125000E+00  3.475915E-01
  8.175000E+00  1.830861E-01
  8.225000E+00  1.555371E-01
  8.275000E+00  2.077932E-01
  8.325000E+00  3.071676E-01
  8.375000E+00  4.248961E-01
  8.425000E+00  5.669460E-01
  8.475000E+00  3.934143E-01
  8.525000E+00  2.801853E-01
  8.575000E+00  1.864115E-01
  8.625000E+00  1.529625E-01
  8.675000E+00  2.122229E-01
  8.725000E+00  4.200593E-01
  8.775000E+00  8.211063E-01
  8.825000E+00  1.411044E+00
  8.875000E+00  2.064030E+00
  8.925000E+00  2.891742E+00
  8.975000E+00  2.207599E+00
  9.025000E+00  1.527630E+00
  9.075000E+00  9.423685E-01
  9.125000E+00  5.390542E-01
  9.175000E+00  3.591493E-01
  9.225000E+00  4.124107E-01
  9.275000E+00  6.429392E-01
  9.325000E+00  9.910681E-01
  9.375000E+00  1.374118E+00
  9.425000E+00  1.743225E+00
  9.475000E+00  1.189885E+00
  9.525000E+00  8.073757E-01
  9.575000E+00  5.009968E-01
  9.625000E+00  3.342737E-01
  9.675000E+00  3.488103E-01
  9.725000E+00  5.285193E-01
  9.775000E+00  8.365969E-01
  9.825000E+00  1.184026E+00
  9.875000E+00  1.607785E+00
  9.925000E+00  1.164662E+00
  9.975000E+00  8.074964E-01
Mg      O       
  2.500000E-02  0.000000E+00
  7.500000E-02  0.000000E+00
  1.250000E-01  0.000000E+00
  1.750000E-01  0.000000E+00
  2.250000E-01  0.000000E+00
  2.750000E-01  0.000000E+00
  3.250000E-01  0.000000E+00
  3.750000E-01  0.000000E+00
  4.250000E-01  0.000000E+00
  4.750000E-01  0.000000E+00
  5.250000E-01  0.000000E+00
  5.750000E-01  0.000000E+00
  6.250000E-01  0.000000E+00
  6.750000E-01  0.000000E+00
  7.250000E-01  0.000000E+00
  7.750000E-01  0.000000E+00
  8.250000E-01  0.000000E+00
  8.750000E-01  0.000000E+00
  9.250000E-01  2.943427E-03
  9.750000E-01  0.000000E+00
  1.025000E+00  0.000000E+00
  1.075000E+00  7.264839E-04
  1.125000E+00  6.633530E-04
  1.175000E+00  0.000000E+00
  1.225000E+00  0.000000E+00
  1.275000E+00  1.032940E-03
  1.325000E+00  1.434694E-03
  1.375000E+00  8.881738E-04
  1.425000E+00  1.240418E-03
  1.475000E+00  3.859185E-04
  1.525000E+00  2.166177E-03
  1.575000E+00  2.030836E-03
  1.625000E+00  2.861691E-03
  1.675000E+00  8.080219E-03
  1.725000E+00  2.088067E-02
  1.775000E+00  5.250033E-02
  1.825000E+00  1.436955E-01
  1.875000E+00  4.626180E-01
  1.925000E+00  1.507938E+00
  1.975000E+00  3.519935E+00
  2.025000E+00  6.271037E+00
  2.075000E+00  8.416964E+00
  2.125000E+00  8.936678E+00
  2.175000E+00  5.349490E+00
  2.225000E+00  3.017472E+00
  2.275000E+00  1.457345E+00
  2.325000E+00  6.343724E-01
  2.375000E+00  2.560392E-01
  2.425000E+00  1.003778E-01
  2.475000E+00  4.194474E-02
  2.525000E+00  2.502291E-02
  2.575000E+00  1.367656E-02
  2.625000E+00  9.748537E-03
  2.675000E+00  7.979394E-03
  2.725000E+00  7.010802E-03
  2.775000E+00  5.670049E-03
  2.825000E+00  6.418046E-03
  2.875000E+00  5.688825E-03
  2.925000E+00  5.201574E-03
  2.975000E+00  6.641025E-03
  3.025000E+00  7.616206E-03
  3.075000E+00  8.880173E-03
  3.125000E+00  8.770252E-03
  3.175000E+00  1.199464E-02
  3.225000E+00  1.437054E-02
  3.275000E+00  2.473872E-02
  3.325000E+00  5.012723E-02
  3.375000E+00  1.418309E-01
  3.425000E+00  3.551805E-01
  3.475000E+00  8.162030E-01
  3.525000E+00  1.605077E+00
  3.575000E+00  2.626994E+00
  3.625000E+00  3.949125E+00
  3.675000E+00  3.396495E+00
  3.725000E+00  2.373091E+00
  3.775000E+00  1.377018E+00
  3.825000E+00  6.662649E-01
  3.875000E+00  2.740109E-01
  3.925000E+00  1.065572E-01
  3.975000E+00  3.980366E-02
  4.025000E+00  2.130226E-02
  4.075000E+00  1.628232E-02
  4.125000E+00  1.613674E-02
  4.175000E+00  1.522265E-02
  4.225000E+00  1.895692E-02
  4.275000E+00  2.393766E-02
  4.325000E+00  3.640533E-02
  4.375000E+00  7.835051E-02
  4.425000E+00  2.004374E-01
  4.475000E+00  5.477388E-01
  4.525000E+00  1.294984E+00
  4.575000E+00  2.614021E+00
  4.625000E+00  4.307986E+00
  4.675000E+00  6.017868E+00
  4.725000E+00  6.991788E+00
  4.775000E+00  4.547331E+00
  4.825000E+00  2.788782E+00
  4.875000E+00  1.473238E+00
  4.925000E+00  6.624201E-01
  4.975000E+00  2.699145E-01
  5.025000E+00  1.105700E-01
  5.075000E+00  4.981601E-02
  5.125000E+00  2.723765E-02
  5.175000E+00  2.034894E-02
  5.225000E+00  1.356388E-02
  5.275000E+00  1.182930E-02
  5.325000E+00  1.048291E-02
  5.375000E+00  9.213410E-03
  5.425000E+00  9.500859E-03
  5.475000E+00  8.711849E-03
  5.525000E+00  7.949714E-03
  5.575000E+00  7.861792E-03
  5.625000E+00  8.094185E-03
  5.675000E+00  8.525786E-03
  5.725000E+00  8.326277E-03
  5.775000E+00  9.240183E-03
  5.825000E+00  1.153221E-02
  5.875000E+00  1.503458E-02
  5.925000E+00  2.652610E-02
  5.975000E+00  5.858907E-02
  6.025000E+00  1.420508E-01
  6.075000E+00  3.596691E-01
  6.125000E+00  8.206506E-01
  6.175000E+00  1.624188E+00
  6.225000E+00  2.722523E+00
  6.275000E+00  3.862299E+00
  6.325000E+00  4.881334E+00
  6.375000E+00  3.355403E+00
  6.425000E+00  2.185236E+00
  6.475000E+00  1.215184E+00
  6.525000E+00  5.917683E-01
  6.575000E+00  2.621396E-01
  6.625000E+00  1.284293E-01
  6.675000E+00  1.154876E-01
  6.725000E+00  2.023027E-01
  6.775000E+00  4.397613E-01
  6.825000E+00  8.895589E-01
  6.875000E+00  1.542015E+00
  6.925000E+00  2.292481E+00
  6.975000E+00  3.181360E+00
  7.025000E+00  2.418704E+00
  7.075000E+00  1.673422E+00
  7.125000E+00  9.987344E-01
  7.175000E+00  5.176563E-01
  7.225000E+00  2.470946E-01
  7.275000E+00  1.437572E-01
  7.325000E+00  1.689848E-01
  7.375000E+00  3.331400E-01
  7.425000E+00  6.730856E-01
  7.475000E+00  1.207278E+00
  7.525000E+00  1.829476E+00
  7.575000E+00  2.663569E+00
  7.625000E+00  2.167042E+00
  7.675000E+00  1.520338E+00
  7.725000E+00  9.260359E-01
  7.775000E+00  4.822376E-01
  7.825000E+00  2.225304E-01
  7.875000E+00  9.848995E-02
  7.925000E+00  4.183375E-02
  7.975000E+00  2.369861E-02
  8.025000E+00  1.715875E-02
  8.075000E+00  1.386917E-02
  8.125000E+00  1.402971E-02
  8.175000E+00  1.399682E-02
  8.225000E+00  1.689298E-02
  8.275000E+00  2.412061E-02
  8.325000E+00  4.425895E-02
  8.375000E+00  1.057926E-01
  8.425000E+00  2.581752E-01
  8.475000E+00  5.856456E-01
  8.525000E+00  1.169285E+00
  8.575000E+00  2.001974E+00
  8.625000E+00  2.939146E+00
  8.675000E+00  4.063694E+00
  8.725000E+00  3.094464E+00
  8.775000E+00  2.135352E+00
  8.825000E+00  1.292854E+00
  8.875000E+00  7.051908E-01
  8.925000E+00  4.187833E-01
  8.975000E+00  3.996716E-01
  9.025000E+00  6.029964E-01
  9.075000E+00  9.612723E-01
  9.125000E+00  1.367761E+00
  9.175000E+00  1.842641E+00
  9.225000E+00  1.373257E+00
  9.275000E+00  9.547288E-01
  9.325000E+00  6.124674E-01
  9.375000E+00  4.297887E-01
  9.425000E+00  4.879407E-01
  9.475000E+00  8.136378E-01
  9.525000E+00  1.394199E+00
  9.575000E+00  2.123561E+00
  9.625000E+00  3.179978E+00
  9.675000E+00  2.732030E+00
  9.725000E+00  1.987761E+00
  9.775000E+00  1.267879E+00
  9.825000E+00  6.898604E-01
  9.875000E+00  3.307170E-01
  9.925000E+00  1.433874E-01
  9.975000E+00  6.336896E-02
O       O       
  2.500000E-02  0.000000E+00
  7.500000E-02  0.000000E+00
  1.250000E-01  0.000000E+00
  1.750000E-01  0.000000E+00
  2.250000E-01  0.000000E+00
  2.750000E-01  0.000000E+00
  3.250000E-01  0.000000E+00
  3.750000E-01  0.000000E+00
  4.250000E-01  0.000000E+00
  4.750000E-01  0.000000E+00
  5.250000E-01  0.000000E+00
  5.750000E-01  0.000000E+00
  6.250000E-01  0.000000E+00
  6.750000E-01  0.000000E+00
  7.250000E-01  0.000000E+00
  7.750000E-01  0.000000E+00
  8.250000E-01  0.000000E+00
  8.750000E-01  0.000000E+00
  9.250000E-01  0.000000E+00
  9.750000E-01  0.000000E+00
  1.025000E+00  1.598149E-03
  1.075000E+00  0.000000E+00
  1.125000E+00  1.326706E-03
  1.175000E+00  1.216214E-03
  1.225000E+00  0.000000E+00
  1.275000E+00  1.032940E-03
  1.325000E+00  9.564624E-04
  1.375000E+00  8.881738E-04
  1.425000E+00  0.000000E+00
  1.475000E+00  7.718370E-04
  1.525000E+00  7.220589E-04
  1.575000E+00  6.769454E-04
  1.625000E+00  3.815588E-03
  1.675000E+00  8.978021E-03
  1.725000E+00  9.029477E-03
  1.775000E+00  9.593968E-03
  1.825000E+00  1.512584E-02
  1.875000E+00  6.209638E-03
  1.925000E+00  3.172220E-03
  1.975000E+00  0.000000E+00
  2.025000E+00  4.095237E-04
  2.075000E+00  3.900264E-04
  2.125000E+00  1.487556E-03
  2.175000E+00  7.099758E-04
  2.225000E+00  1.356853E-03
  2.275000E+00  2.271271E-03
  2.325000E+00  2.795961E-03
  2.375000E+00  3.274919E-03
  2.425000E+00  4.854687E-03
  2.475000E+00  5.208823E-03
  2.525000E+00  9.745766E-03
  2.575000E+00  2.127465E-02
  2.625000E+00  2.583362E-02
  2.675000E+00  8.026332E-02
  2.725000E+00  2.356534E-01
  2.775000E+00  7.687278E-01
  2.825000E+00  2.133316E+00
  2.875000E+00  4.547606E+00
  2.925000E+00  7.525205E+00
  2.975000E+00  1.009644E+01
  3.025000E+00  7.143267E+00
  3.075000E+00  4.212754E+00
  3.125000E+00  2.030055E+00
  3.175000E+00  8.026414E-01
  3.225000E+00  2.782072E-01
  3.275000E+00  1.152386E-01
  3.325000E+00  5.924127E-02
  3.375000E+00  3.479427E-02
  3.425000E+00  2.362144E-02
  3.475000E+00  1.390702E-02
  3.525000E+00  1.108255E-02
  3.575000E+00  8.015339E-03
  3.625000E+00  8.306951E-03
  3.675000E+00  8.704180E-03
  3.725000E+00  1.125577E-02
  3.775000E+00  1.225587E-02
  3.825000E+00  1.893939E-02
  3.875000E+00  3.165106E-02
  3.925000E+00  7.260061E-02
  3.975000E+00  1.842979E-01
  4.025000E+00  4.062460E-01
  4.075000E+00  8.045086E-01
  4.125000E+00  1.310086E+00
  4.175000E+00  1.832980E+00
  4.225000E+00  2.188372E+00
  4.275000E+00  1.451973E+00
  4.325000E+00  9.034448E-01
  4.375000E+00  4.844922E-01
  4.425000E+00  2.193919E-01
  4.475000E+00  1.005495E-01
  4.525000E+00  4.519196E-02
  4.575000E+00  2.318796E-02
  4.625000E+00  1.821426E-02
  4.675000E+00  1.636679E-02
  4.725000E+00  2.046032E-02
  4.775000E+00  3.196614E-02
  4.825000E+00  7.682495E-02
  4.875000E+00  1.859170E-01
  4.925000E+00  4.872171E-01
  4.975000E+00  1.094721E+00
  5.025000E+00  2.174088E+00
  5.075000E+00  3.601815E+00
  5.125000E+00  4.929567E+00
  5.175000E+00  5.770007E+00
  5.225000E+00  3.817755E+00
  5.275000E+00  2.383665E+00
  5.325000E+00  1.241722E+00
  5.375000E+00  5.567574E-01
  5.425000E+00  2.265370E-01
  5.475000E+00  9.221674E-02
  5.525000E+00  4.615786E-02
  5.575000E+00  3.296009E-02
  5.625000E+00  3.970132E-02
  5.675000E+00  8.270273E-02
  5.725000E+00  1.915812E-01
  5.775000E+00  4.268109E-01
  5.825000E+00  8.435343E-01
  5.875000E+00  1.385906E+00
  5.925000E+00  1.891605E+00
  5.975000E+00  2.177509E+00
  6.025000E+00  1.402280E+00
  6.075000E+00  8.570354E-01
  6.125000E+00  4.593763E-01
  6.175000E+00  2.118459E-01
  6.225000E+00  9.647068E-02
  6.275000E+00  5.732192E-02
  6.325000E+00  6.477297E-02
  6.375000E+00  1.394228E-01
  6.425000E+00  3.169945E-01
  6.475000E+00  7.057097E-01
  6.525000E+00  1.330823E+00
  6.575000E+00  2.098244E+00
  6.625000E+00  2.854256E+00
  6.675000E+00  3.392260E+00
  6.725000E+00  2.254368E+00
  6.775000E+00  1.429430E+00
  6.825000E+00  7.988671E-01
  6.875000E+00  3.814222E-01
  6.925000E+00  1.763231E-01
  6.975000E+00  9.258054E-02
  7.025000E+00  8.163699E-02
  7.075000E+00  1.289674E-01
  7.125000E+00  2.487366E-01
  7.175000E+00  4.281915E-01
  7.225000E+00  6.627045E-01
  7.275000E+00  9.606872E-01
  7.325000E+00  8.057998E-01
  7.375000E+00  5.700077E-01
  7.425000E+00  3.609732E-01
  7.475000E+00  2.045893E-01
  7.525000E+00  1.326883E-01
  7.575000E+00  1.609415E-01
  7.625000E+00  3.296049E-01
  7.675000E+00  7.361494E-01
  7.725000E+00  1.483610E+00
  7.775000E+00  2.545218E+00
  7.825000E+00  3.681275E+00
  7.875000E+00  4.942885E+00
  7.925000E+00  3.700435E+00
  7.975000E+00  2.525915E+00
  8.025000E+00  1.484101E+00
  8.075000E+00  7.546013E-01
  8.125000E+00  3.527397E-01
  8.175000E+00  1.801494E-01
  8.225000E+00  1.557977E-01
  8.275000E+00  2.108193E-01
  8.325000E+00  3.055115E-01
  8.375000E+00  4.233857E-01
  8.425000E+00  5.496633E-01
  8.475000E+00  4.006403E-01
  8.525000E+00  2.784044E-01
  8.575000E+00  1.836047E-01
  8.625000E+00  1.535791E-01
  8.675000E+00  2.195868E-01
  8.725000E+00  4.283745E-01
  8.775000E+00  8.264247E-01
  8.825000E+00  1.415476E+00
  8.875000E+00  2.071171E+00
  8.925000E+00  2.855468E+00
  8.975000E+00  2.209619E+00
  9.025000E+00  1.544630E+00
  9.075000E+00  9.427565E-01
  9.125000E+00  5.406704E-01
  9.175000E+00  3.662779E-01
  9.225000E+00  4.130742E-01
  9.275000E+00  6.451406E-01
  9.325000E+00  9.890057E-01
  9.375000E+00  1.374510E+00
  9.425000E+00  1.705028E+00
  9.475000E+00  1.201236E+00
  9.525000E+00  8.146140E-01
  9.575000E+00  5.018886E-01
  9.625000E+00  3.403161E-01
  9.675000E+00  3.525599E-01
  9.725000E+00  5.348781E-01
  9.775000E+00  8.317075E-01
  9.825000E+00  1.190158E+00
  9.875000E+00  1.566348E+00
  9.925000E+00  1.168564E+00
  9.975000E+00  8.241425E-01
