magnezium oxide                                                         
 ENERGY UNITS = electron Volts
         0  0.000000E+00        40
 -3.486057E+04  3.000000E+02 -3.492754E+04  6.391599E+03 -4.131914E+04
  0.000000E+00  0.000000E+00  0.000000E+00  0.000000E+00 -3.442382E+04
  0.000000E+00 -1.176298E+03 -4.270554E+04  4.152924E+04  0.000000E+00
  0.000000E+00  0.000000E+00  0.000000E+00  1.612908E+04  0.000000E+00
  0.000000E+00  0.000000E+00  9.000000E+01  9.000000E+01  9.000000E+01
  0.000000E+00  4.281671E+01  0.000000E+00  0.000000E+00  0.000000E+00
  0.000000E+00  4.270618E+01  1.259852E-02  3.092929E-02  1.259852E-02
  4.285397E+01  5.858372E-02  3.092929E-02  5.858372E-02  4.288998E+01
       100  6.400000E-03        40
 -2.494709E+04  4.424315E+04 -3.482363E+04  6.450958E+03 -4.127459E+04
  0.000000E+00  0.000000E+00  0.000000E+00  0.000000E+00 -1.787903E+04
  0.000000E+00 -1.451063E+03 -4.293554E+04  4.148448E+04  0.000000E+00
  0.000000E+00  0.000000E+00  0.000000E+00  1.612908E+04  0.000000E+00
  0.000000E+00  0.000000E+00  9.000000E+01  9.000000E+01  9.000000E+01
  0.000000E+00  6.929220E+02  0.000000E+00  2.910573E+01  2.666536E-03
  2.468761E-02  7.870691E+02  4.825571E+02  6.553863E+02  4.825571E+02
  6.310526E+02  5.120895E+02  6.553863E+02  5.120895E+02  6.606442E+02
       200  1.280000E-02        40
 -2.662642E+04  3.406012E+04 -3.422977E+04  7.080576E+03 -4.131035E+04
  0.000000E+00  0.000000E+00  0.000000E+00  0.000000E+00 -2.034402E+04
  0.000000E+00 -3.640486E+03 -4.516487E+04  4.152439E+04  0.000000E+00
  0.000000E+00  0.000000E+00  0.000000E+00  1.612908E+04  0.000000E+00
  0.000000E+00  0.000000E+00  9.000000E+01  9.000000E+01  9.000000E+01
  0.000000E+00  6.158997E+02  0.000000E+00  1.072867E+02  2.637922E-02
  1.623848E-01  5.919493E+02  4.875271E+02  4.886763E+02  4.875271E+02
  6.262023E+02  5.295275E+02  4.886763E+02  5.295275E+02  6.295475E+02
       300  1.920000E-02        40
 -2.840062E+04  2.751545E+04 -3.454298E+04  6.768854E+03 -4.131184E+04
  0.000000E+00  0.000000E+00  0.000000E+00  0.000000E+00 -2.351341E+04
  0.000000E+00 -2.376874E+03 -4.391194E+04  4.153507E+04  0.000000E+00
  0.000000E+00  0.000000E+00  0.000000E+00  1.612908E+04  0.000000E+00
  0.000000E+00  0.000000E+00  9.000000E+01  9.000000E+01  9.000000E+01
  0.000000E+00  4.791206E+02  0.000000E+00  2.153197E+02  7.780436E-02
  2.297907E-01  5.060717E+02  3.611657E+02  3.146314E+02  3.611657E+02
  4.731565E+02  3.427096E+02  3.146314E+02  3.427096E+02  4.581335E+02
       400  3.206400E-02        40
 -3.444702E+04  8.567605E+02 -3.463828E+04  6.681526E+03 -4.131981E+04
  0.000000E+00  0.000000E+00  0.000000E+00  0.000000E+00 -3.350272E+04
  0.000000E+00 -2.450404E+03 -4.400109E+04  4.155069E+04  0.000000E+00
  0.000000E+00  0.000000E+00  0.000000E+00  1.612908E+04  0.000000E+00
  0.000000E+00  0.000000E+00  9.000000E+01  9.000000E+01  9.000000E+01
  0.000000E+00  9.257577E+01  0.000000E+00  3.317914E+02  1.164241E-01
  2.559929E-01  9.886831E+01 -7.303011E-01 -1.350917E+00 -7.303011E-01
  8.721690E+01 -2.888214E-01 -1.350917E+00 -2.888214E-01  9.164211E+01
       500  1.206400E-01        40
 -3.458063E+04  7.021470E+02 -3.473737E+04  6.710416E+03 -4.144779E+04
  0.000000E+00  0.000000E+00  0.000000E+00  0.000000E+00 -3.364960E+04
  0.000000E+00 -2.479615E+03 -4.416489E+04  4.168528E+04  0.000000E+00
  0.000000E+00  0.000000E+00  0.000000E+00  1.612908E+04  0.000000E+00
  0.000000E+00  0.000000E+00  9.000000E+01  9.000000E+01  9.000000E+01
  0.000000E+00  9.127458E+01  0.000000E+00  3.289536E+02  1.511286E-01
  2.822046E-01  8.783165E+01  1.789685E+00  1.871927E+00  1.789685E+00
  9.309533E+01 -9.683599E-01  1.871927E+00 -9.683599E-01  9.289676E+01
       600  2.317440E-01        40
 -3.461828E+04  6.211949E+02 -3.475695E+04  6.696901E+03 -4.145385E+04
  0.000000E+00  0.000000E+00  0.000000E+00  0.000000E+00 -3.373546E+04
  0.000000E+00 -2.371129E+03 -4.407038E+04  4.169926E+04  0.000000E+00
  0.000000E+00  0.000000E+00  0.000000E+00  1.612908E+04  0.000000E+00
  0.000000E+00  0.000000E+00  9.000000E+01  9.000000E+01  9.000000E+01
  0.000000E+00  8.654831E+01  0.000000E+00  3.298629E+02  1.538683E-01
  2.717062E-01  8.532968E+01 -8.245328E-01  6.800957E-01 -8.245328E-01
  8.770036E+01 -2.412640E-01  6.800957E-01 -2.412640E-01  8.661489E+01
       700  3.541440E-01        40
 -3.464134E+04  5.967807E+02 -3.477456E+04  6.682886E+03 -4.145745E+04
  0.000000E+00  0.000000E+00  0.000000E+00  0.000000E+00 -3.368151E+04
  0.000000E+00 -2.613067E+03 -4.432511E+04  4.171205E+04  0.000000E+00
  0.000000E+00  0.000000E+00  0.000000E+00  1.612908E+04  0.000000E+00
  0.000000E+00  0.000000E+00  9.000000E+01  9.000000E+01  9.000000E+01
  0.000000E+00  9.409831E+01  0.000000E+00  3.316455E+02  1.554371E-01
  2.895577E-01  9.685728E+01  6.719703E+00 -1.336352E+01  6.719703E+00
  8.972817E+01 -8.160282E+00 -1.336352E+01 -8.160282E+00  9.570950E+01
       800  5.033646E-01        40
 -3.467469E+04  5.474866E+02 -3.479691E+04  6.650486E+03 -4.144739E+04
  0.000000E+00  0.000000E+00  0.000000E+00  0.000000E+00 -3.382583E+04
  0.000000E+00 -2.302151E+03 -4.400289E+04  4.170074E+04  0.000000E+00
  0.000000E+00  0.000000E+00  0.000000E+00  1.612908E+04  0.000000E+00
  0.000000E+00  0.000000E+00  9.000000E+01  9.000000E+01  9.000000E+01
  0.000000E+00  8.321882E+01  0.000000E+00  3.332980E+02  1.611483E-01
  3.130544E-01  8.122116E+01  1.889815E+00 -4.774410E+00  1.889815E+00
  8.146283E+01 -4.175230E+00 -4.774410E+00 -4.175230E+00  8.697247E+01
       900  6.561924E-01        40
 -3.467804E+04  5.392910E+02 -3.479843E+04  6.677431E+03 -4.147586E+04
  0.000000E+00  0.000000E+00  0.000000E+00  0.000000E+00 -3.379160E+04
  0.000000E+00 -2.418534E+03 -4.415256E+04  4.173403E+04  0.000000E+00
  0.000000E+00  0.000000E+00  0.000000E+00  1.612908E+04  0.000000E+00
  0.000000E+00  0.000000E+00  9.000000E+01  9.000000E+01  9.000000E+01
  0.000000E+00  8.690248E+01  0.000000E+00  3.363990E+02  1.597727E-01
  3.174884E-01  8.438494E+01  3.944665E+00  6.547231E-01  3.944665E+00
  9.147479E+01  3.961417E-01  6.547231E-01  3.961417E-01  8.484770E+01
      1000  8.308703E-01        40
 -3.466089E+04  5.761147E+02 -3.478949E+04  6.676229E+03 -4.146572E+04
  0.000000E+00  0.000000E+00  0.000000E+00  0.000000E+00 -3.381892E+04
  0.000000E+00 -2.268675E+03 -4.399228E+04  4.172361E+04  0.000000E+00
  0.000000E+00  0.000000E+00  0.000000E+00  1.612908E+04  0.000000E+00
  0.000000E+00  0.000000E+00  9.000000E+01  9.000000E+01  9.000000E+01
  0.000000E+00  8.254254E+01  0.000000E+00  3.376688E+02  1.608113E-01
  3.200908E-01  8.055189E+01 -8.970676E-01  3.612207E-01 -8.970676E-01
  8.388699E+01 -1.280926E+00  3.612207E-01 -1.280926E+00  8.318874E+01
      1100  1.001224E+00        40
 -3.468480E+04  5.493731E+02 -3.480744E+04  6.650806E+03 -4.145824E+04
  0.000000E+00  0.000000E+00  0.000000E+00  0.000000E+00 -3.387788E+04
  0.000000E+00 -2.175485E+03 -4.389090E+04  4.171541E+04  0.000000E+00
  0.000000E+00  0.000000E+00  0.000000E+00  1.612908E+04  0.000000E+00
  0.000000E+00  0.000000E+00  9.000000E+01  9.000000E+01  9.000000E+01
  0.000000E+00  7.910708E+01  0.000000E+00  3.382772E+02  1.601587E-01
  3.214810E-01  7.781159E+01  1.229246E-01  3.883555E-01  1.229246E-01
  7.959945E+01 -1.516003E+00  3.883555E-01 -1.516003E+00  7.991019E+01
      1200  1.168207E+00        40
 -3.469072E+04  5.227459E+02 -3.480742E+04  6.655078E+03 -4.146249E+04
  0.000000E+00  0.000000E+00  0.000000E+00  0.000000E+00 -3.383635E+04
  0.000000E+00 -2.329716E+03 -4.404746E+04  4.171774E+04  0.000000E+00
  0.000000E+00  0.000000E+00  0.000000E+00  1.612908E+04  0.000000E+00
  0.000000E+00  0.000000E+00  9.000000E+01  9.000000E+01  9.000000E+01
  0.000000E+00  8.375863E+01  0.000000E+00  3.391876E+02  1.611680E-01
  3.211746E-01  7.756028E+01  1.392331E-01  1.315597E+00  1.392331E-01
  8.600466E+01  5.356127E+00  1.315597E+00  5.356127E+00  8.771096E+01
      1300  1.337737E+00        40
 -3.468296E+04  5.357487E+02 -3.480256E+04  6.658269E+03 -4.146083E+04
  0.000000E+00  0.000000E+00  0.000000E+00  0.000000E+00 -3.386660E+04
  0.000000E+00 -2.209890E+03 -4.392972E+04  4.171983E+04  0.000000E+00
  0.000000E+00  0.000000E+00  0.000000E+00  1.612908E+04  0.000000E+00
  0.000000E+00  0.000000E+00  9.000000E+01  9.000000E+01  9.000000E+01
  0.000000E+00  8.003260E+01  0.000000E+00  3.403867E+02  1.658598E-01
  3.264856E-01  7.943451E+01  5.272186E-03 -6.320591E-01  5.272186E-03
  7.881511E+01 -1.999714E+00 -6.320591E-01 -1.999714E+00  8.184818E+01
      1400  1.504361E+00        40
 -3.468140E+04  5.451175E+02 -3.480309E+04  6.658166E+03 -4.146125E+04
  0.000000E+00  0.000000E+00  0.000000E+00  0.000000E+00 -3.386971E+04
  0.000000E+00 -2.191696E+03 -4.391149E+04  4.171979E+04  0.000000E+00
  0.000000E+00  0.000000E+00  0.000000E+00  1.612908E+04  0.000000E+00
  0.000000E+00  0.000000E+00  9.000000E+01  9.000000E+01  9.000000E+01
  0.000000E+00  7.957472E+01  0.000000E+00  3.412232E+02  1.635724E-01
  3.307021E-01  7.824552E+01 -1.695771E-01  3.589751E-01 -1.695771E-01
  8.015172E+01 -2.209157E+00  3.589751E-01 -2.209157E+00  8.032692E+01
      1500  1.672441E+00        40
 -3.468793E+04  5.428849E+02 -3.480912E+04  6.650605E+03 -4.145972E+04
  0.000000E+00  0.000000E+00  0.000000E+00  0.000000E+00 -3.383733E+04
  0.000000E+00 -2.309433E+03 -4.402519E+04  4.171576E+04  0.000000E+00
  0.000000E+00  0.000000E+00  0.000000E+00  1.612908E+04  0.000000E+00
  0.000000E+00  0.000000E+00  9.000000E+01  9.000000E+01  9.000000E+01
  0.000000E+00  8.338965E+01  0.000000E+00  3.423758E+02  1.655168E-01
  3.245957E-01  7.639595E+01 -7.333473E-02  8.772206E-01 -7.333473E-02
  8.721030E+01  5.124831E+00  8.772206E-01  5.124831E+00  8.656270E+01
      1600  1.842066E+00        40
 -3.467476E+04  5.342924E+02 -3.479403E+04  6.665366E+03 -4.145940E+04
  0.000000E+00  0.000000E+00  0.000000E+00  0.000000E+00 -3.360585E+04
  0.000000E+00 -2.968172E+03 -4.468362E+04  4.171545E+04  0.000000E+00
  0.000000E+00  0.000000E+00  0.000000E+00  1.612908E+04  0.000000E+00
  0.000000E+00  0.000000E+00  9.000000E+01  9.000000E+01  9.000000E+01
  0.000000E+00  1.047909E+02  0.000000E+00  3.428271E+02  1.646853E-01
  3.340643E-01  9.342025E+01  2.340080E+01 -2.461747E+00  2.340080E+01
  1.294094E+02  6.493433E+00 -2.461747E+00  6.493433E+00  9.154312E+01
      1700  2.014484E+00        40
 -3.468975E+04  5.365059E+02 -3.480951E+04  6.641622E+03 -4.145113E+04
  0.000000E+00  0.000000E+00  0.000000E+00  0.000000E+00 -3.389738E+04
  0.000000E+00 -2.137551E+03 -4.384287E+04  4.170532E+04  0.000000E+00
  0.000000E+00  0.000000E+00  0.000000E+00  1.612908E+04  0.000000E+00
  0.000000E+00  0.000000E+00  9.000000E+01  9.000000E+01  9.000000E+01
  0.000000E+00  7.767970E+01  0.000000E+00  3.433666E+02  1.636465E-01
  3.314945E-01  7.779342E+01 -5.099172E-01  3.615319E-01 -5.099172E-01
  7.737709E+01 -1.404636E+00  3.615319E-01 -1.404636E+00  7.786859E+01
      1800  2.188196E+00        40
 -3.466360E+04  5.541951E+02 -3.478731E+04  6.682036E+03 -4.146935E+04
  0.000000E+00  0.000000E+00  0.000000E+00  0.000000E+00 -3.359555E+04
  0.000000E+00 -2.956712E+03 -4.468467E+04  4.172796E+04  0.000000E+00
  0.000000E+00  0.000000E+00  0.000000E+00  1.612908E+04  0.000000E+00
  0.000000E+00  0.000000E+00  9.000000E+01  9.000000E+01  9.000000E+01
  0.000000E+00  1.047068E+02  0.000000E+00  3.434037E+02  1.672437E-01
  3.345928E-01  9.656047E+01  2.423406E+01 -2.246714E+00  2.423406E+01
  1.267364E+02  1.781666E+00 -2.246714E+00  1.781666E+00  9.082361E+01
      1900  2.362968E+00        40
 -3.469348E+04  5.371327E+02 -3.481338E+04  6.634133E+03 -4.144751E+04
  0.000000E+00  0.000000E+00  0.000000E+00  0.000000E+00 -3.391004E+04
  0.000000E+00 -2.110506E+03 -4.381265E+04  4.170215E+04  0.000000E+00
  0.000000E+00  0.000000E+00  0.000000E+00  1.612908E+04  0.000000E+00
  0.000000E+00  0.000000E+00  9.000000E+01  9.000000E+01  9.000000E+01
  0.000000E+00  7.680506E+01  0.000000E+00  3.439737E+02  1.652469E-01
  3.325072E-01  7.810508E+01 -4.359873E-01  2.627142E-01 -4.359873E-01
  7.546514E+01 -2.162599E+00  2.627142E-01 -2.162599E+00  7.684497E+01
      2000  2.532315E+00        40
 -3.468869E+04  5.335667E+02 -3.480780E+04  6.647591E+03 -4.145539E+04
  0.000000E+00  0.000000E+00  0.000000E+00  0.000000E+00 -3.389058E+04
  0.000000E+00 -2.156109E+03 -4.386672E+04  4.171062E+04  0.000000E+00
  0.000000E+00  0.000000E+00  0.000000E+00  1.612908E+04  0.000000E+00
  0.000000E+00  0.000000E+00  9.000000E+01  9.000000E+01  9.000000E+01
  0.000000E+00  7.824329E+01  0.000000E+00  3.445817E+02  1.670748E-01
  3.360157E-01  7.961948E+01 -6.220762E-01  4.296638E-01 -6.220762E-01
  7.894043E+01 -1.785428E+00  4.296638E-01 -1.785428E+00  7.616996E+01
      2100  2.705212E+00        40
 -3.467642E+04  5.465130E+02 -3.479842E+04  6.658529E+03 -4.145695E+04
  0.000000E+00  0.000000E+00  0.000000E+00  0.000000E+00 -3.385943E+04
  0.000000E+00 -2.206968E+03 -4.392036E+04  4.171339E+04  0.000000E+00
  0.000000E+00  0.000000E+00  0.000000E+00  1.612908E+04  0.000000E+00
  0.000000E+00  0.000000E+00  9.000000E+01  9.000000E+01  9.000000E+01
  0.000000E+00  8.009418E+01  0.000000E+00  3.454907E+02  1.656054E-01
  3.337595E-01  8.024812E+01 -4.527376E-01  2.299112E-01 -4.527376E-01
  8.013258E+01 -2.197293E+00  2.299112E-01 -2.197293E+00  7.990182E+01
      2200  2.879013E+00        40
 -3.469055E+04  5.409761E+02 -3.481132E+04  6.639345E+03 -4.145066E+04
  0.000000E+00  0.000000E+00  0.000000E+00  0.000000E+00 -3.388023E+04
  0.000000E+00 -2.189438E+03 -4.389413E+04  4.170469E+04  0.000000E+00
  0.000000E+00  0.000000E+00  0.000000E+00  1.612908E+04  0.000000E+00
  0.000000E+00  0.000000E+00  9.000000E+01  9.000000E+01  9.000000E+01
  0.000000E+00  7.944052E+01  0.000000E+00  3.457515E+02  1.703426E-01
  3.362409E-01  7.920761E+01  5.302151E-01 -1.444236E-01  5.302151E-01
  7.677523E+01 -7.350604E-02 -1.444236E-01 -7.350604E-02  8.233873E+01
      2300  3.044378E+00        40
 -3.468199E+04  5.514706E+02 -3.480510E+04  6.642735E+03 -4.144783E+04
  0.000000E+00  0.000000E+00  0.000000E+00  0.000000E+00 -3.382538E+04
  0.000000E+00 -2.323616E+03 -4.402827E+04  4.170466E+04  0.000000E+00
  0.000000E+00  0.000000E+00  0.000000E+00  1.612908E+04  0.000000E+00
  0.000000E+00  0.000000E+00  9.000000E+01  9.000000E+01  9.000000E+01
  0.000000E+00  8.397837E+01  0.000000E+00  3.469138E+02  1.715189E-01
  3.400928E-01  8.355161E+01  8.315392E+00 -4.945635E-01  8.315392E+00
  9.024767E+01 -2.979692E+00 -4.945635E-01 -2.979692E+00  7.813584E+01
      2400  3.206136E+00        40
 -3.469370E+04  5.221400E+02 -3.481026E+04  6.647193E+03 -4.145746E+04
  0.000000E+00  0.000000E+00  0.000000E+00  0.000000E+00 -3.384220E+04
  0.000000E+00 -2.321390E+03 -4.403446E+04  4.171307E+04  0.000000E+00
  0.000000E+00  0.000000E+00  0.000000E+00  1.612908E+04  0.000000E+00
  0.000000E+00  0.000000E+00  9.000000E+01  9.000000E+01  9.000000E+01
  0.000000E+00  8.347770E+01  0.000000E+00  3.479889E+02  1.747987E-01
  3.477085E-01  8.092371E+01  6.957058E+00  3.243536E-01  6.957058E+00
  9.057529E+01 -3.475465E+00  3.243536E-01 -3.475465E+00  7.893409E+01
      2500  3.376350E+00        40
 -3.466725E+04  5.239621E+02 -3.478422E+04  6.678265E+03 -4.146248E+04
  0.000000E+00  0.000000E+00  0.000000E+00  0.000000E+00 -3.348357E+04
  0.000000E+00 -3.317114E+03 -4.503599E+04  4.171888E+04  0.000000E+00
  0.000000E+00  0.000000E+00  0.000000E+00  1.612908E+04  0.000000E+00
  0.000000E+00  0.000000E+00  9.000000E+01  9.000000E+01  9.000000E+01
  0.000000E+00  1.160431E+02  0.000000E+00  3.482584E+02  1.744745E-01
  3.457039E-01  9.559656E+01  1.715349E+01 -1.397076E+01  1.715349E+01
  1.326741E+02  1.115065E+01 -1.397076E+01  1.115065E+01  1.198588E+02
      2600  3.549417E+00        40
 -3.467424E+04  5.572475E+02 -3.479864E+04  6.654727E+03 -4.145337E+04
  0.000000E+00  0.000000E+00  0.000000E+00  0.000000E+00 -3.386053E+04
  0.000000E+00 -2.192348E+03 -4.390326E+04  4.171091E+04  0.000000E+00
  0.000000E+00  0.000000E+00  0.000000E+00  1.612908E+04  0.000000E+00
  0.000000E+00  0.000000E+00  9.000000E+01  9.000000E+01  9.000000E+01
  0.000000E+00  7.977301E+01  0.000000E+00  3.500131E+02  1.737528E-01
  3.484531E-01  7.951081E+01 -5.708717E-01  5.821724E-01 -5.708717E-01
  8.049380E+01 -1.640284E+00  5.821724E-01 -1.640284E+00  7.931443E+01
      2700  3.725842E+00        40
 -3.469522E+04  5.168807E+02 -3.481061E+04  6.648407E+03 -4.145902E+04
  0.000000E+00  0.000000E+00  0.000000E+00  0.000000E+00 -3.388247E+04
  0.000000E+00 -2.207485E+03 -4.392342E+04  4.171594E+04  0.000000E+00
  0.000000E+00  0.000000E+00  0.000000E+00  1.612908E+04  0.000000E+00
  0.000000E+00  0.000000E+00  9.000000E+01  9.000000E+01  9.000000E+01
  0.000000E+00  7.967871E+01  0.000000E+00  3.500566E+02  1.798581E-01
  3.497488E-01  7.832263E+01 -1.676488E-01 -7.995902E-01 -1.676488E-01
  7.861931E+01 -2.387361E+00 -7.995902E-01 -2.387361E+00  8.209419E+01
      2800  3.898472E+00        40
 -3.468859E+04  5.294038E+02 -3.480677E+04  6.642832E+03 -4.144960E+04
  0.000000E+00  0.000000E+00  0.000000E+00  0.000000E+00 -3.380184E+04
  0.000000E+00 -2.423866E+03 -4.413030E+04  4.170644E+04  0.000000E+00
  0.000000E+00  0.000000E+00  0.000000E+00  1.612908E+04  0.000000E+00
  0.000000E+00  0.000000E+00  9.000000E+01  9.000000E+01  9.000000E+01
  0.000000E+00  8.693245E+01  0.000000E+00  3.508143E+02  1.770115E-01
  3.465911E-01  8.087458E+01  1.159440E+01 -9.160991E-01  1.159440E+01
  1.019419E+02 -4.282297E+00 -9.160991E-01 -4.282297E+00  7.798086E+01
      2900  4.070354E+00        40
 -3.468743E+04  5.253756E+02 -3.480472E+04  6.652313E+03 -4.145703E+04
  0.000000E+00  0.000000E+00  0.000000E+00  0.000000E+00 -3.388292E+04
  0.000000E+00 -2.178982E+03 -4.389449E+04  4.171551E+04  0.000000E+00
  0.000000E+00  0.000000E+00  0.000000E+00  1.612908E+04  0.000000E+00
  0.000000E+00  0.000000E+00  9.000000E+01  9.000000E+01  9.000000E+01
  0.000000E+00  7.887124E+01  0.000000E+00  3.516423E+02  1.780246E-01
  3.551356E-01  7.857503E+01  4.598385E-02  3.269824E-01  4.598385E-02
  8.039563E+01 -2.324239E+00  3.269824E-01 -2.324239E+00  7.764305E+01
      3000  4.240369E+00        40
 -3.468831E+04  5.321847E+02 -3.480711E+04  6.640568E+03 -4.144768E+04
  0.000000E+00  0.000000E+00  0.000000E+00  0.000000E+00 -3.389886E+04
  0.000000E+00 -2.130748E+03 -4.383524E+04  4.170450E+04  0.000000E+00
  0.000000E+00  0.000000E+00  0.000000E+00  1.612908E+04  0.000000E+00
  0.000000E+00  0.000000E+00  9.000000E+01  9.000000E+01  9.000000E+01
  0.000000E+00  7.739434E+01  0.000000E+00  3.522617E+02  1.809982E-01
  3.524033E-01  7.901575E+01  3.149961E-01  5.772696E-01  3.149961E-01
  7.636360E+01 -2.837062E+00  5.772696E-01 -2.837062E+00  7.680367E+01
      3100  4.408060E+00        40
 -3.469895E+04  5.157379E+02 -3.481408E+04  6.641272E+03 -4.145535E+04
  0.000000E+00  0.000000E+00  0.000000E+00  0.000000E+00 -3.381690E+04
  0.000000E+00 -2.415893E+03 -4.412798E+04  4.171209E+04  0.000000E+00
  0.000000E+00  0.000000E+00  0.000000E+00  1.612908E+04  0.000000E+00
  0.000000E+00  0.000000E+00  9.000000E+01  9.000000E+01  9.000000E+01
  0.000000E+00  8.647252E+01  0.000000E+00  3.518868E+02  1.834519E-01
  3.581745E-01  7.600861E+01  3.671797E-01  5.225555E-01  3.671797E-01
  9.085160E+01  1.227786E+01  5.225555E-01  1.227786E+01  9.255735E+01
      3200  4.579541E+00        40
 -3.469185E+04  5.032388E+02 -3.480419E+04  6.652091E+03 -4.145628E+04
  0.000000E+00  0.000000E+00  0.000000E+00  0.000000E+00 -3.389398E+04
  0.000000E+00 -2.168934E+03 -4.388398E+04  4.171505E+04  0.000000E+00
  0.000000E+00  0.000000E+00  0.000000E+00  1.612908E+04  0.000000E+00
  0.000000E+00  0.000000E+00  9.000000E+01  9.000000E+01  9.000000E+01
  0.000000E+00  7.821989E+01  0.000000E+00  3.540334E+02  1.807498E-01
  3.558153E-01  7.884587E+01 -2.110386E-01 -6.627785E-01 -2.110386E-01
  7.628404E+01 -2.448816E+00 -6.627785E-01 -2.448816E+00  7.952977E+01
      3300  4.740459E+00        40
 -3.470261E+04  5.023260E+02 -3.481475E+04  6.629830E+03 -4.144458E+04
  0.000000E+00  0.000000E+00  0.000000E+00  0.000000E+00 -3.393066E+04
  0.000000E+00 -2.091587E+03 -4.379140E+04  4.169981E+04  0.000000E+00
  0.000000E+00  0.000000E+00  0.000000E+00  1.612908E+04  0.000000E+00
  0.000000E+00  0.000000E+00  9.000000E+01  9.000000E+01  9.000000E+01
  0.000000E+00  7.567898E+01  0.000000E+00  3.532610E+02  1.798727E-01
  3.598577E-01  7.751905E+01 -3.100333E-01  9.485164E-01 -3.100333E-01
  7.432961E+01 -2.007961E+00  9.485164E-01 -2.007961E+00  7.518827E+01
      3400  4.909979E+00        40
 -3.468263E+04  5.085994E+02 -3.479617E+04  6.661888E+03 -4.145806E+04
  0.000000E+00  0.000000E+00  0.000000E+00  0.000000E+00 -3.364492E+04
  0.000000E+00 -2.886059E+03 -4.460099E+04  4.171493E+04  0.000000E+00
  0.000000E+00  0.000000E+00  0.000000E+00  1.612908E+04  0.000000E+00
  0.000000E+00  0.000000E+00  9.000000E+01  9.000000E+01  9.000000E+01
  0.000000E+00  1.017327E+02  0.000000E+00  3.531233E+02  1.872863E-01
  3.626747E-01  8.299991E+01  1.327635E+01  1.066169E+00  1.327635E+01
  1.214287E+02  1.509300E+01  1.066169E+00  1.509300E+01  1.007696E+02
      3500  5.078535E+00        40
 -3.469655E+04  5.132276E+02 -3.481112E+04  6.642341E+03 -4.145346E+04
  0.000000E+00  0.000000E+00  0.000000E+00  0.000000E+00 -3.389040E+04
  0.000000E+00 -2.189308E+03 -4.389829E+04  4.170898E+04  0.000000E+00
  0.000000E+00  0.000000E+00  0.000000E+00  1.612908E+04  0.000000E+00
  0.000000E+00  0.000000E+00  9.000000E+01  9.000000E+01  9.000000E+01
  0.000000E+00  7.903141E+01  0.000000E+00  3.528434E+02  1.831444E-01
  3.615862E-01  7.875845E+01  1.644937E+00  2.096821E-01  1.644937E+00
  8.186408E+01 -3.640161E+00  2.096821E-01 -3.640161E+00  7.647170E+01
      3600  5.249859E+00        40
 -3.470388E+04  5.085213E+02 -3.481740E+04  6.621250E+03 -4.143865E+04
  0.000000E+00  0.000000E+00  0.000000E+00  0.000000E+00 -3.394216E+04
  0.000000E+00 -2.058111E+03 -4.375205E+04  4.169394E+04  0.000000E+00
  0.000000E+00  0.000000E+00  0.000000E+00  1.612908E+04  0.000000E+00
  0.000000E+00  0.000000E+00  9.000000E+01  9.000000E+01  9.000000E+01
  0.000000E+00  7.467543E+01  0.000000E+00  3.529749E+02  1.885847E-01
  3.601888E-01  7.545307E+01 -5.096159E-01  1.023475E+00 -5.096159E-01
  7.420659E+01 -2.393466E+00  1.023475E+00 -2.393466E+00  7.436663E+01
      3700  5.413941E+00        40
 -3.469365E+04  5.364543E+02 -3.481340E+04  6.638133E+03 -4.145153E+04
  0.000000E+00  0.000000E+00  0.000000E+00  0.000000E+00 -3.390127E+04
  0.000000E+00 -2.137632E+03 -4.384681E+04  4.170918E+04  0.000000E+00
  0.000000E+00  0.000000E+00  0.000000E+00  1.612908E+04  0.000000E+00
  0.000000E+00  0.000000E+00  9.000000E+01  9.000000E+01  9.000000E+01
  0.000000E+00  7.768161E+01  0.000000E+00  3.527077E+02  1.936837E-01
  3.687239E-01  7.844959E+01 -8.736042E-01 -5.033782E-01 -8.736042E-01
  7.683339E+01 -2.153780E+00 -5.033782E-01 -2.153780E+00  7.776186E+01
      3800  5.577486E+00        40
 -3.470207E+04  4.961895E+02 -3.481283E+04  6.630449E+03 -4.144328E+04
  0.000000E+00  0.000000E+00  0.000000E+00  0.000000E+00 -3.393139E+04
  0.000000E+00 -2.090487E+03 -4.379123E+04  4.170074E+04  0.000000E+00
  0.000000E+00  0.000000E+00  0.000000E+00  1.612908E+04  0.000000E+00
  0.000000E+00  0.000000E+00  9.000000E+01  9.000000E+01  9.000000E+01
  0.000000E+00  7.555352E+01  0.000000E+00  3.527641E+02  1.962282E-01
  3.642299E-01  7.583911E+01 -6.679744E-01  1.085238E-01 -6.679744E-01
  7.644378E+01 -3.213605E+00  1.085238E-01 -3.213605E+00  7.437768E+01
      3900  5.745813E+00        40
 -3.469606E+04  5.126313E+02 -3.481049E+04  6.637978E+03 -4.144847E+04
  0.000000E+00  0.000000E+00  0.000000E+00  0.000000E+00 -3.391262E+04
  0.000000E+00 -2.121425E+03 -4.382737E+04  4.170595E+04  0.000000E+00
  0.000000E+00  0.000000E+00  0.000000E+00  1.612908E+04  0.000000E+00
  0.000000E+00  0.000000E+00  9.000000E+01  9.000000E+01  9.000000E+01
  0.000000E+00  7.680440E+01  0.000000E+00  3.538271E+02  1.937100E-01
  3.696596E-01  7.681497E+01 -2.643055E-01  5.773427E-01 -2.643055E-01
  7.652994E+01 -2.187510E+00  5.773427E-01 -2.187510E+00  7.706829E+01
      4000  5.918087E+00        40
 -3.467797E+04  5.506525E+02 -3.480089E+04  6.654561E+03 -4.145545E+04
  0.000000E+00  0.000000E+00  0.000000E+00  0.000000E+00 -3.386907E+04
  0.000000E+00 -2.180851E+03 -4.389561E+04  4.171476E+04  0.000000E+00
  0.000000E+00  0.000000E+00  0.000000E+00  1.612908E+04  0.000000E+00
  0.000000E+00  0.000000E+00  9.000000E+01  9.000000E+01  9.000000E+01
  0.000000E+00  7.930110E+01  0.000000E+00  3.556168E+02  1.942357E-01
  3.712793E-01  8.006311E+01  6.928687E-02 -2.139945E-01  6.928687E-02
  7.792719E+01 -3.252262E+00 -2.139945E-01 -3.252262E+00  7.991299E+01
