timestep         0            0.000001            0.000000    3  0.750  
timestep        50            0.000064            0.003200    3  0.750  
timestep       100            0.000064            0.006400    3  0.750  
timestep       150            0.000064            0.009600    3  0.750  
timestep       200            0.000064            0.012800    3  0.750  
timestep       250            0.000064            0.016000    3  0.750  
timestep       300            0.000064            0.019200    3  0.750  
timestep       350            0.000064            0.022400    3  0.750  
timestep       400            0.000512            0.032064    3  0.750  
timestep       450            0.001024            0.069440    3  0.750  
timestep       500            0.001024            0.120640    3  0.750  
timestep       550            0.001024            0.171840    3  0.750  
timestep       600            0.001152            0.231744    3  0.750  
timestep       650            0.001152            0.289344    3  0.750  
timestep       700            0.001728            0.354144    3  0.750  
timestep       750            0.001458            0.429690    3  0.750  
timestep       800            0.001230            0.503365    3  0.750  
timestep       850            0.002768            0.574562    3  0.750  
timestep       900            0.001971            0.656192    3  0.750  
timestep       950            0.001663            0.745605    3  0.750  
timestep      1000            0.000666            0.830870    3  0.750  
timestep      1050            0.000632            0.916304    3  0.750  
timestep      1100            0.000675            1.001224    3  0.750  
timestep      1150            0.001922            1.084937    3  0.750  
timestep      1200            0.000811            1.168207    3  0.750  
timestep      1250            0.003078            1.257843    3  0.750  
timestep      1300            0.000974            1.337737    3  0.750  
timestep      1350            0.002466            1.419700    3  0.750  
timestep      1400            0.000658            1.504361    3  0.750  
timestep      1450            0.000833            1.588407    3  0.750  
timestep      1500            0.001054            1.672441    3  0.750  
timestep      1550            0.002002            1.758015    3  0.750  
timestep      1600            0.002533            1.842066    3  0.750  
timestep      1650            0.001069            1.929780    3  0.750  
timestep      1700            0.000676            2.014484    3  0.750  
timestep      1750            0.001083            2.099696    3  0.750  
timestep      1800            0.003085            2.188196    3  0.750  
timestep      1850            0.001952            2.277897    3  0.750  
timestep      1900            0.002085            2.362968    3  0.750  
timestep      1950            0.001670            2.446737    3  0.750  
timestep      2000            0.001189            2.532315    3  0.750  
timestep      2050            0.002256            2.620828    3  0.750  
timestep      2100            0.000678            2.705212    3  0.750  
timestep      2150            0.000643            2.791183    3  0.750  
timestep      2200            0.003664            2.879013    3  0.750  
timestep      2250            0.002318            2.963266    3  0.750  
timestep      2300            0.002476            3.044378    3  0.750  
timestep      2350            0.002089            3.126003    3  0.750  
timestep      2400            0.001763            3.206136    3  0.750  
timestep      2450            0.001882            3.291869    3  0.750  
timestep      2500            0.002680            3.376350    3  0.750  
timestep      2550            0.000954            3.461481    3  0.750  
timestep      2600            0.000764            3.549417    3  0.750  
timestep      2650            0.002579            3.639548    3  0.750  
timestep      2700            0.001836            3.725842    3  0.750  
timestep      2750            0.000735            3.810534    3  0.750  
timestep      2800            0.001861            3.898472    3  0.750  
timestep      2850            0.001987            3.983599    3  0.750  
timestep      2900            0.001257            4.070354    3  0.750  
timestep      2950            0.002387            4.159187    3  0.750  
timestep      3000            0.001133            4.240369    3  0.750  
timestep      3050            0.002549            4.323642    3  0.750  
timestep      3100            0.002042            4.408060    3  0.750  
timestep      3150            0.001552            4.494515    3  0.750  
timestep      3200            0.000622            4.579541    3  0.750  
timestep      3250            0.000630            4.663595    3  0.750  
timestep      3300            0.001418            4.740459    3  0.750  
timestep      3350            0.001794            4.828508    3  0.750  
timestep      3400            0.002874            4.909979    3  0.750  
timestep      3450            0.002046            4.998457    3  0.750  
timestep      3500            0.001295            5.078535    3  0.750  
timestep      3550            0.000614            5.166143    3  0.750  
timestep      3600            0.001167            5.249859    3  0.750  
timestep      3650            0.000656            5.327579    3  0.750  
timestep      3700            0.001869            5.413941    3  0.750  
timestep      3750            0.002993            5.496379    3  0.750  
timestep      3800            0.000899            5.577486    3  0.750  
timestep      3850            0.002560            5.662523    3  0.750  
timestep      3900            0.001367            5.745813    3  0.750  
timestep      3950            0.000577            5.834846    3  0.750  
timestep      4000            0.000616            5.918087    3  0.750  
