 Timestep  Px(50K)  Px(500K)  Px(500)
   0.0000000000000000       -4.2991614430000000        2.4729914190000000        1.9287106580000000     
   50.000000000000000       -4.3115388719999999        2.3184691430000002        1.9272019499999999     
   100.00000000000000       -4.3630623840000000        2.1992638979999999        1.5898879520000000     
   150.00000000000000       -4.4134371650000004        2.2255476370000000       0.83138741660000004     
   200.00000000000000       -4.3787545669999997        2.1196288659999998       0.83994426590000004     
   250.00000000000000       -4.3174651290000003        1.9376321280000000        2.2671496850000001     
   300.00000000000000       -4.2940408200000002        1.9285670100000001        3.1939846269999999     
   350.00000000000000       -4.2947635730000000        2.0098766129999999        3.3482643950000002     
   400.00000000000000       -4.2944753630000001        1.9389222859999999        3.5680156009999999     
   450.00000000000000       -4.2105172959999999        1.8772857300000001        3.6074476459999998     
   500.00000000000000       -4.0907165069999998        1.9549859050000000        3.5929213529999999     
   550.00000000000000       -3.9719140220000000        2.1154621659999999        3.7717118969999999     
   600.00000000000000       -3.8968982890000001        2.1580762459999998        3.9409372640000000     
   650.00000000000000       -3.8636223279999999        2.2883113220000002        3.8856115889999998     
   700.00000000000000       -3.8167829800000002        2.3633386449999998        3.4862745380000000     
   750.00000000000000       -3.7932894650000000        2.3138901900000000        3.0127819560000000     
   800.00000000000000       -3.7780008129999998        2.4120302570000001        2.9694582060000001     
   850.00000000000000       -3.7492116090000001        2.7559942670000002        2.6297539570000001     
   900.00000000000000       -3.6894214930000002        2.8638787390000000        2.4754774980000001     
   950.00000000000000       -3.6108234499999998        2.6510482450000001        2.6779973410000002     
   1000.0000000000000       -3.5262929060000001        2.4315425290000001        2.8645041540000000     
   1050.0000000000000       -3.5041873080000001        2.3068177880000000        2.6659409670000001     
   1100.0000000000000       -3.5209296829999999        2.3735140410000000        2.7648649110000001     
   1150.0000000000000       -3.5032476990000001        2.3098604210000002        2.8558613199999998     
   1200.0000000000000       -3.4279584260000000        2.0321323900000001        3.5232069149999998     
   1250.0000000000000       -3.3574751799999998        2.0918488040000001        3.4612397050000001     
   1300.0000000000000       -3.3821415330000000        2.1680031359999998        3.3096330260000002     
   1350.0000000000000       -3.3991406899999999        2.0880273950000001        4.0178323389999999     
   1400.0000000000000       -3.3628772219999998        1.8644140960000000        4.9743288899999998     
   1450.0000000000000       -3.3341115960000001        1.4531648939999999        5.1372683329999997     
   1500.0000000000000       -3.3831537489999999        1.4796827280000000        5.4421899780000000     
   1550.0000000000000       -3.4354737700000002        1.3157314330000001        5.2685032209999996     
   1600.0000000000000       -3.3905388620000001        1.2789292990000001        5.3207342920000000     
   1650.0000000000000       -3.3468128949999998        1.2234755250000000        4.6772468070000004     
   1700.0000000000000       -3.3039049870000001        1.4458379500000000        4.3388219299999999     
   1750.0000000000000       -3.3082480580000002        1.8137736069999999        4.1484583559999999     
   1800.0000000000000       -3.3022713840000000        1.9042457429999999        4.2490510099999996     
   1850.0000000000000       -3.3238457740000000        1.9649582050000001        4.7270987269999996     
   1900.0000000000000       -3.3438365839999999        2.0164513469999998        5.3582397989999997     
   1950.0000000000000       -3.3559222609999999        2.0784169050000001        6.1617453299999996     
   2000.0000000000000       -3.2904878809999998        2.1350403600000001        7.0909797269999997     
   2050.0000000000000       -3.1863475860000001        2.0941349470000001        7.8634221640000002     
   2100.0000000000000       -3.1249984880000001        1.9157822050000000        8.9540336909999994     
   2150.0000000000000       -3.0645150310000000        1.6073634830000001        10.385419210000000     
   2200.0000000000000       -3.0326500529999998        1.4669978990000001        11.451749059999999     
   2250.0000000000000       -3.0285165539999999        1.6391645470000000        11.818983630000000     
   2300.0000000000000       -3.0744536910000000        1.7430443900000001        12.719514439999999     
   2350.0000000000000       -3.1120446170000000        1.6642625310000001        13.413676190000000     
   2400.0000000000000       -3.0096480539999999        1.6941945700000001        12.693427410000000     
   2450.0000000000000       -2.8187570480000002        1.8931715250000001        11.275111900000001     
   2500.0000000000000       -2.6391754640000000        2.0352124310000002        10.436341860000001     
   2550.0000000000000       -2.5735541689999999        2.1668094380000000        10.133941800000001     
   2600.0000000000000       -2.5418423689999998        2.3321631070000000        9.7636393370000008     
   2650.0000000000000       -2.4304163850000000        2.7175886990000002        8.7220129380000007     
   2700.0000000000000       -2.2774271769999999        3.2693612829999998        8.4480402029999997     
   2750.0000000000000       -2.0797935519999999        3.2272326460000000        7.9317629759999999     
   2800.0000000000000       -1.9715707099999999        3.4404836730000001        7.1957264079999996     
   2850.0000000000000       -1.9235978380000001        3.1846979270000002        6.5420992529999999     
   2900.0000000000000       -1.9220447420000000        3.1798135599999999        6.1068221620000003     
   2950.0000000000000       -1.8406005900000000        3.6741191060000000        5.8110803210000004     
   3000.0000000000000       -1.8208923410000000        3.8741197559999998        5.0621798980000001     
   3050.0000000000000       -1.7855816069999999        3.7294182130000002        4.9651996020000002     
   3100.0000000000000       -1.7236659340000000        3.3866150870000000        4.7953219760000003     
   3150.0000000000000       -1.5135601279999999        3.1500383489999999        4.0594937050000004     
   3200.0000000000000       -1.2984241320000001        3.3117022690000000        3.9626161679999998     
   3250.0000000000000       -1.2761106710000001        3.3585786459999998        4.6462448690000002     
   3300.0000000000000       -1.3146701139999999        3.2852615159999998        5.4803134289999997     
   3350.0000000000000       -1.2603533360000001        3.3243083790000001        6.4990958929999998     
   3400.0000000000000       -1.0956024410000000        3.6792330220000000        6.6934000539999996     
   3450.0000000000000      -0.96795430339999999        3.8364328660000000        6.4789942680000001     
   3500.0000000000000      -0.88013310519999999        3.8271641179999998        6.3097670350000001     
   3550.0000000000000      -0.95990790159999995        3.7197739130000000        6.2521825780000002     
   3600.0000000000000      -0.89022671160000000        3.3237272000000000        6.2927206279999996     
   3650.0000000000000      -0.71159009190000000        2.9986870379999999        6.3014066849999999     
   3700.0000000000000      -0.43411743650000001        2.7539770159999999        5.9790875379999999     
   3750.0000000000000      -0.20671630150000000        2.5017050369999998        4.8775530119999999     
   3800.0000000000000      -0.22321603840000001        2.6834120250000000        4.1606753980000004     
   3850.0000000000000      -0.25057877979999998        2.8241863480000000        3.5390672570000001     
   3900.0000000000000      -0.17699360550000001        2.8336562170000001        2.4357473810000001     
   3950.0000000000000        1.0351797419999999E-002   2.8111597439999998        1.5822337590000000     
