nacl                                                                    
 ENERGY UNITS = electron Volts
         0  0.000000E+00        39
 -1.169585E+03  5.000000E+03 -1.499846E+03  1.730477E+02 -1.672894E+03
  0.000000E+00  0.000000E+00  0.000000E+00  0.000000E+00 -1.073630E+03
  0.000000E+00  3.726565E+02 -1.280990E+03  1.653647E+03  0.000000E+00
  0.000000E+00  0.000000E+00  0.000000E+00  6.031615E+04  0.000000E+00
  0.000000E+00  0.000000E+00  9.000000E+01  9.000000E+01  9.000000E+01
  0.000000E+00  2.515531E+00  0.000000E+00  0.000000E+00  0.000000E+00
  2.708909E+00 -4.986285E-01  4.646569E-01 -4.986285E-01  2.465888E+00
 -9.432826E-02  4.646569E-01 -9.432826E-02  2.371796E+00
       100  1.000000E-01        39
 -1.169254E+03  4.955298E+03 -1.496562E+03  1.687449E+02 -1.665307E+03
  0.000000E+00  0.000000E+00  0.000000E+00  0.000000E+00 -1.080942E+03
  0.000000E+00  3.896815E+02 -1.256582E+03  1.646263E+03  0.000000E+00
  0.000000E+00  0.000000E+00  0.000000E+00  6.031615E+04  0.000000E+00
  0.000000E+00  0.000000E+00  9.000000E+01  9.000000E+01  9.000000E+01
  0.000000E+00  2.315153E+00  0.000000E+00  3.860125E+00  2.914454E+00
  2.494552E+00  1.451118E-01  1.231729E+00  1.451118E-01  1.855543E+00
  4.529483E-01  1.231729E+00  4.529483E-01  2.595364E+00
       200  2.000000E-01        39
 -1.170018E+03  5.054908E+03 -1.503906E+03  1.566732E+02 -1.660579E+03
  0.000000E+00  0.000000E+00  0.000000E+00  0.000000E+00 -1.103340E+03
  0.000000E+00  4.677423E+02 -1.173857E+03  1.641600E+03  0.000000E+00
  0.000000E+00  0.000000E+00  0.000000E+00  6.031615E+04  0.000000E+00
  0.000000E+00  0.000000E+00  9.000000E+01  9.000000E+01  9.000000E+01
  0.000000E+00  1.748005E+00  0.000000E+00  1.109908E+01  9.042936E+00
  1.706465E+00  8.876157E-01 -2.264623E-01  8.876157E-01  1.819020E+00
 -4.492500E-01 -2.264623E-01 -4.492500E-01  1.718531E+00
       300  3.000000E-01        39
 -1.169329E+03  4.907410E+03 -1.493475E+03  1.688610E+02 -1.662336E+03
  0.000000E+00  0.000000E+00  0.000000E+00  0.000000E+00 -1.081641E+03
  0.000000E+00  3.852260E+02 -1.257900E+03  1.643126E+03  0.000000E+00
  0.000000E+00  0.000000E+00  0.000000E+00  6.031615E+04  0.000000E+00
  0.000000E+00  0.000000E+00  9.000000E+01  9.000000E+01  9.000000E+01
  0.000000E+00  2.298805E+00  0.000000E+00  1.964163E+01  1.724070E+01
  2.218532E+00  1.322874E-01 -1.440254E-01  1.322874E-01  1.904724E+00
 -7.196109E-01 -1.440254E-01 -7.196109E-01  2.773161E+00
       400  4.000000E-01        39
 -1.168850E+03  4.885748E+03 -1.491565E+03  1.768112E+02 -1.668376E+03
  0.000000E+00  0.000000E+00  0.000000E+00  0.000000E+00 -1.068276E+03
  0.000000E+00  3.437048E+02 -1.305535E+03  1.649240E+03  0.000000E+00
  0.000000E+00  0.000000E+00  0.000000E+00  6.031615E+04  0.000000E+00
  0.000000E+00  0.000000E+00  9.000000E+01  9.000000E+01  9.000000E+01
  0.000000E+00  2.636634E+00  0.000000E+00  2.890826E+01  2.653173E+01
  2.301421E+00  6.555224E-02  4.264158E-02  6.555224E-02  2.979443E+00
 -4.322980E-01  4.264158E-02 -4.322980E-01  2.629039E+00
       500  5.000000E-01        39
 -1.169323E+03  5.003761E+03 -1.499833E+03  1.433439E+02 -1.643177E+03
  0.000000E+00  0.000000E+00  0.000000E+00  0.000000E+00 -1.124966E+03
  0.000000E+00  5.279495E+02 -1.095735E+03  1.623684E+03  0.000000E+00
  0.000000E+00  0.000000E+00  0.000000E+00  6.031615E+04  0.000000E+00
  0.000000E+00  0.000000E+00  9.000000E+01  9.000000E+01  9.000000E+01
  0.000000E+00  1.162838E+00  0.000000E+00  3.874038E+01  3.743513E+01
  9.024926E-01  1.348025E-01 -2.948390E-01  1.348025E-01  1.125574E+00
 -6.008941E-01 -2.948390E-01 -6.008941E-01  1.460446E+00
       600  6.000000E-01        39
 -1.169330E+03  5.082929E+03 -1.505069E+03  1.661056E+02 -1.671175E+03
  0.000000E+00  0.000000E+00  0.000000E+00  0.000000E+00 -1.083254E+03
  0.000000E+00  4.132504E+02 -1.238914E+03  1.652165E+03  0.000000E+00
  0.000000E+00  0.000000E+00  0.000000E+00  6.031615E+04  0.000000E+00
  0.000000E+00  0.000000E+00  9.000000E+01  9.000000E+01  9.000000E+01
  0.000000E+00  2.256533E+00  0.000000E+00  5.112534E+01  4.950948E+01
  2.818063E+00  4.411152E-02 -6.870281E-02  4.411152E-02  1.050745E+00
  2.484894E-01 -6.870281E-02  2.484894E-01  2.900791E+00
       700  7.000000E-01        39
 -1.170045E+03  5.179712E+03 -1.512177E+03  1.612814E+02 -1.673458E+03
  0.000000E+00  0.000000E+00  0.000000E+00  0.000000E+00 -1.091664E+03
  0.000000E+00  4.491198E+02 -1.205131E+03  1.654250E+03  0.000000E+00
  0.000000E+00  0.000000E+00  0.000000E+00  6.031615E+04  0.000000E+00
  0.000000E+00  0.000000E+00  9.000000E+01  9.000000E+01  9.000000E+01
  0.000000E+00  2.054812E+00  0.000000E+00  6.181463E+01  6.112634E+01
  2.710036E+00 -1.060056E+00  1.303701E-01 -1.060056E+00  1.911561E+00
  1.025929E-01  1.303701E-01  1.025929E-01  1.542839E+00
       800  8.000000E-01        39
 -1.169463E+03  4.755229E+03 -1.483557E+03  1.637488E+02 -1.647305E+03
  0.000000E+00  0.000000E+00  0.000000E+00  0.000000E+00 -1.097198E+03
  0.000000E+00  4.113929E+02 -1.216526E+03  1.627919E+03  0.000000E+00
  0.000000E+00  0.000000E+00  0.000000E+00  6.031615E+04  0.000000E+00
  0.000000E+00  0.000000E+00  9.000000E+01  9.000000E+01  9.000000E+01
  0.000000E+00  1.894467E+00  0.000000E+00  7.127416E+01  7.172788E+01
  1.756924E+00 -7.469926E-01  7.408983E-02 -7.469926E-01  2.152905E+00
 -9.728830E-02  7.408983E-02 -9.728830E-02  1.773571E+00
       900  9.000000E-01        39
 -1.170023E+03  5.187305E+03 -1.512657E+03  1.653384E+02 -1.677995E+03
  0.000000E+00  0.000000E+00  0.000000E+00  0.000000E+00 -1.083496E+03
  0.000000E+00  4.256854E+02 -1.233330E+03  1.659016E+03  0.000000E+00
  0.000000E+00  0.000000E+00  0.000000E+00  6.031615E+04  0.000000E+00
  0.000000E+00  0.000000E+00  9.000000E+01  9.000000E+01  9.000000E+01
  0.000000E+00  2.268360E+00  0.000000E+00  8.211883E+01  8.255981E+01
  2.766212E+00 -3.814963E-01  1.090285E+00 -3.814963E-01  2.628858E+00
  5.900663E-01  1.090285E+00  5.900663E-01  1.410009E+00
      1000  1.000000E+00        39
 -1.169221E+03  5.141624E+03 -1.508836E+03  1.532653E+02 -1.662102E+03
  0.000000E+00  0.000000E+00  0.000000E+00  0.000000E+00 -1.103091E+03
  0.000000E+00  4.808431E+02 -1.162083E+03  1.642926E+03  0.000000E+00
  0.000000E+00  0.000000E+00  0.000000E+00  6.031615E+04  0.000000E+00
  0.000000E+00  0.000000E+00  9.000000E+01  9.000000E+01  9.000000E+01
  0.000000E+00  1.733628E+00  0.000000E+00  9.370454E+01  9.519491E+01
  1.278130E+00 -3.390439E-01 -3.267158E-01 -3.390439E-01  1.876494E+00
  1.468607E-01 -3.267158E-01  1.468607E-01  2.046260E+00
      1100  1.100000E+00        39
 -1.169816E+03  4.889459E+03 -1.492775E+03  1.582268E+02 -1.651002E+03
  0.000000E+00  0.000000E+00  0.000000E+00  0.000000E+00 -1.104697E+03
  0.000000E+00  4.505638E+02 -1.181355E+03  1.631919E+03  0.000000E+00
  0.000000E+00  0.000000E+00  0.000000E+00  6.031615E+04  0.000000E+00
  0.000000E+00  0.000000E+00  9.000000E+01  9.000000E+01  9.000000E+01
  0.000000E+00  1.707126E+00  0.000000E+00  1.084120E+02  1.064435E+02
  1.768695E+00 -4.834760E-01 -5.184002E-01 -4.834760E-01  1.776348E+00
 -1.778807E-01 -5.184002E-01 -1.778807E-01  1.576336E+00
      1200  1.200000E+00        39
 -1.168929E+03  5.075986E+03 -1.504209E+03  1.730207E+02 -1.677230E+03
  0.000000E+00  0.000000E+00  0.000000E+00  0.000000E+00 -1.069237E+03
  0.000000E+00  3.714840E+02 -1.286382E+03  1.657866E+03  0.000000E+00
  0.000000E+00  0.000000E+00  0.000000E+00  6.031615E+04  0.000000E+00
  0.000000E+00  0.000000E+00  9.000000E+01  9.000000E+01  9.000000E+01
  0.000000E+00  2.613495E+00  0.000000E+00  1.227385E+02  1.163837E+02
  2.118844E+00 -4.252457E-01 -8.360558E-01 -4.252457E-01  3.023333E+00
 -2.717775E-01 -8.360558E-01 -2.717775E-01  2.698308E+00
      1300  1.300000E+00        39
 -1.169512E+03  4.824949E+03 -1.488211E+03  1.550152E+02 -1.643226E+03
  0.000000E+00  0.000000E+00  0.000000E+00  0.000000E+00 -1.110150E+03
  0.000000E+00  4.593125E+02 -1.164546E+03  1.623859E+03  0.000000E+00
  0.000000E+00  0.000000E+00  0.000000E+00  6.031615E+04  0.000000E+00
  0.000000E+00  0.000000E+00  9.000000E+01  9.000000E+01  9.000000E+01
  0.000000E+00  1.556204E+00  0.000000E+00  1.359061E+02  1.280413E+02
  1.502469E+00 -9.314404E-01  5.195774E-01 -9.314404E-01  1.087352E+00
  9.601711E-02  5.195774E-01  9.601711E-02  2.078792E+00
      1400  1.400000E+00        39
 -1.169809E+03  5.128390E+03 -1.508551E+03  1.718822E+02 -1.680433E+03
  0.000000E+00  0.000000E+00  0.000000E+00  0.000000E+00 -1.074688E+03
  0.000000E+00  3.921189E+02 -1.268843E+03  1.660962E+03  0.000000E+00
  0.000000E+00  0.000000E+00  0.000000E+00  6.031615E+04  0.000000E+00
  0.000000E+00  0.000000E+00  9.000000E+01  9.000000E+01  9.000000E+01
  0.000000E+00  2.493671E+00  0.000000E+00  1.503924E+02  1.398252E+02
  1.299413E+00 -7.038807E-01 -1.930864E-01 -7.038807E-01  2.777259E+00
  8.951081E-01 -1.930864E-01  8.951081E-01  3.404342E+00
      1500  1.500000E+00        39
 -1.169227E+03  5.068070E+03 -1.503985E+03  1.615640E+02 -1.665549E+03
  0.000000E+00  0.000000E+00  0.000000E+00  0.000000E+00 -1.091368E+03
  0.000000E+00  4.359372E+02 -1.210493E+03  1.646430E+03  0.000000E+00
  0.000000E+00  0.000000E+00  0.000000E+00  6.031615E+04  0.000000E+00
  0.000000E+00  0.000000E+00  9.000000E+01  9.000000E+01  9.000000E+01
  0.000000E+00  2.041130E+00  0.000000E+00  1.623182E+02  1.521666E+02
  2.537111E+00  1.722741E-01  1.623750E-01  1.722741E-01  1.820066E+00
 -6.502961E-01  1.623750E-01 -6.502961E-01  1.766211E+00
      1600  1.600000E+00        39
 -1.169406E+03  5.015921E+03 -1.500719E+03  1.904499E+02 -1.691169E+03
  0.000000E+00  0.000000E+00  0.000000E+00  0.000000E+00 -1.044044E+03
  0.000000E+00  2.865389E+02 -1.385110E+03  1.671649E+03  0.000000E+00
  0.000000E+00  0.000000E+00  0.000000E+00  6.031615E+04  0.000000E+00
  0.000000E+00  0.000000E+00  9.000000E+01  9.000000E+01  9.000000E+01
  0.000000E+00  3.286452E+00  0.000000E+00  1.715828E+02  1.645049E+02
  3.061736E+00  3.350575E-01 -4.407418E-01  3.350575E-01  3.343947E+00
  8.977564E-01 -4.407418E-01  8.977564E-01  3.453675E+00
      1700  1.700000E+00        39
 -1.169327E+03  5.164543E+03 -1.510457E+03  1.563785E+02 -1.666836E+03
  0.000000E+00  0.000000E+00  0.000000E+00  0.000000E+00 -1.096753E+03
  0.000000E+00  4.645371E+02 -1.183020E+03  1.647557E+03  0.000000E+00
  0.000000E+00  0.000000E+00  0.000000E+00  6.031615E+04  0.000000E+00
  0.000000E+00  0.000000E+00  9.000000E+01  9.000000E+01  9.000000E+01
  0.000000E+00  1.902577E+00  0.000000E+00  1.823718E+02  1.768386E+02
  2.145968E+00 -1.795304E-01  8.904382E-01 -1.795304E-01  1.425604E+00
  7.492421E-01  8.904382E-01  7.492421E-01  2.136157E+00
      1800  1.800000E+00        39
 -1.169349E+03  4.926639E+03 -1.494765E+03  1.684239E+02 -1.663188E+03
  0.000000E+00  0.000000E+00  0.000000E+00  0.000000E+00 -1.083012E+03
  0.000000E+00  3.918200E+02 -1.252329E+03  1.644149E+03  0.000000E+00
  0.000000E+00  0.000000E+00  0.000000E+00  6.031615E+04  0.000000E+00
  0.000000E+00  0.000000E+00  9.000000E+01  9.000000E+01  9.000000E+01
  0.000000E+00  2.263382E+00  0.000000E+00  1.968061E+02  1.899938E+02
  2.719544E+00  8.278850E-02  7.249611E-01  8.278850E-02  2.647971E+00
 -1.764334E-01  7.249611E-01 -1.764334E-01  1.422629E+00
      1900  1.900000E+00        39
 -1.168314E+03  4.862382E+03 -1.489486E+03  1.735204E+02 -1.663006E+03
  0.000000E+00  0.000000E+00  0.000000E+00  0.000000E+00 -1.073194E+03
  0.000000E+00  3.569825E+02 -1.286578E+03  1.643561E+03  0.000000E+00
  0.000000E+00  0.000000E+00  0.000000E+00  6.031615E+04  0.000000E+00
  0.000000E+00  0.000000E+00  9.000000E+01  9.000000E+01  9.000000E+01
  0.000000E+00  2.493632E+00  0.000000E+00  2.109541E+02  2.037478E+02
  2.132330E+00  3.391599E-01  3.344512E-01  3.391599E-01  3.093703E+00
  2.490875E-01  3.344512E-01  2.490875E-01  2.254862E+00
      2000  2.000000E+00        39
 -1.169167E+03  4.970761E+03 -1.497497E+03  1.726613E+02 -1.670158E+03
  0.000000E+00  0.000000E+00  0.000000E+00  0.000000E+00 -1.075950E+03
  0.000000E+00  3.770097E+02 -1.273742E+03  1.650752E+03  0.000000E+00
  0.000000E+00  0.000000E+00  0.000000E+00  6.031615E+04  0.000000E+00
  0.000000E+00  0.000000E+00  9.000000E+01  9.000000E+01  9.000000E+01
  0.000000E+00  2.443737E+00  0.000000E+00  2.232995E+02  2.167367E+02
  2.885006E+00  4.777463E-01  2.040451E-01  4.777463E-01  1.839183E+00
  7.147089E-02  2.040451E-01  7.147089E-02  2.607023E+00
      2100  2.100000E+00        39
 -1.170310E+03  4.912066E+03 -1.494763E+03  1.492000E+02 -1.643963E+03
  0.000000E+00  0.000000E+00  0.000000E+00  0.000000E+00 -1.120998E+03
  0.000000E+00  5.009701E+02 -1.124212E+03  1.625182E+03  0.000000E+00
  0.000000E+00  0.000000E+00  0.000000E+00  6.031615E+04  0.000000E+00
  0.000000E+00  0.000000E+00  9.000000E+01  9.000000E+01  9.000000E+01
  0.000000E+00  1.292746E+00  0.000000E+00  2.355950E+02  2.292961E+02
  1.599074E+00 -4.119035E-01 -5.887844E-02 -4.119035E-01  5.382275E-01
  4.930272E-01 -5.887844E-02  4.930272E-01  1.740937E+00
      2200  2.200000E+00        39
 -1.169185E+03  4.971223E+03 -1.497546E+03  1.644164E+02 -1.661962E+03
  0.000000E+00  0.000000E+00  0.000000E+00  0.000000E+00 -1.087894E+03
  0.000000E+00  4.128466E+02 -1.230094E+03  1.642941E+03  0.000000E+00
  0.000000E+00  0.000000E+00  0.000000E+00  6.031615E+04  0.000000E+00
  0.000000E+00  0.000000E+00  9.000000E+01  9.000000E+01  9.000000E+01
  0.000000E+00  2.131108E+00  0.000000E+00  2.463305E+02  2.440744E+02
  1.753564E+00  5.903276E-01 -4.182243E-02  5.903276E-01  2.363797E+00
 -8.527603E-02 -4.182243E-02 -8.527603E-02  2.275961E+00
      2300  2.300000E+00        39
 -1.170215E+03  5.177177E+03 -1.512179E+03  1.582245E+02 -1.670404E+03
  0.000000E+00  0.000000E+00  0.000000E+00  0.000000E+00 -1.095977E+03
  0.000000E+00  4.612149E+02 -1.189795E+03  1.651010E+03  0.000000E+00
  0.000000E+00  0.000000E+00  0.000000E+00  6.031615E+04  0.000000E+00
  0.000000E+00  0.000000E+00  9.000000E+01  9.000000E+01  9.000000E+01
  0.000000E+00  1.946193E+00  0.000000E+00  2.582532E+02  2.573436E+02
  2.583850E+00  4.055723E-01 -2.352836E-01  4.055723E-01  1.691075E+00
 -6.809127E-01 -2.352836E-01 -6.809127E-01  1.563654E+00
      2400  2.400000E+00        39
 -1.168840E+03  4.974197E+03 -1.497397E+03  1.578721E+02 -1.655269E+03
  0.000000E+00  0.000000E+00  0.000000E+00  0.000000E+00 -1.098933E+03
  0.000000E+00  4.473945E+02 -1.189018E+03  1.636412E+03  0.000000E+00
  0.000000E+00  0.000000E+00  0.000000E+00  6.031615E+04  0.000000E+00
  0.000000E+00  0.000000E+00  9.000000E+01  9.000000E+01  9.000000E+01
  0.000000E+00  1.832642E+00  0.000000E+00  2.671977E+02  2.720381E+02
  1.848984E+00  6.591664E-02 -4.009125E-01  6.591664E-02  1.450500E+00
  5.366486E-01 -4.009125E-01  5.366486E-01  2.198443E+00
      2500  2.500000E+00        39
 -1.169080E+03  5.086581E+03 -1.505060E+03  1.751620E+02 -1.680222E+03
  0.000000E+00  0.000000E+00  0.000000E+00  0.000000E+00 -1.066846E+03
  0.000000E+00  3.652596E+02 -1.295643E+03  1.660903E+03  0.000000E+00
  0.000000E+00  0.000000E+00  0.000000E+00  6.031615E+04  0.000000E+00
  0.000000E+00  0.000000E+00  9.000000E+01  9.000000E+01  9.000000E+01
  0.000000E+00  2.680117E+00  0.000000E+00  2.796710E+02  2.876463E+02
  2.021572E+00  1.080695E-01  3.762678E-01  1.080695E-01  2.847466E+00
  3.964854E-01  3.762678E-01  3.964854E-01  3.171314E+00
      2600  2.600000E+00        39
 -1.169670E+03  4.954238E+03 -1.496908E+03  1.758519E+02 -1.672760E+03
  0.000000E+00  0.000000E+00  0.000000E+00  0.000000E+00 -1.073083E+03
  0.000000E+00  3.647166E+02 -1.288861E+03  1.653578E+03  0.000000E+00
  0.000000E+00  0.000000E+00  0.000000E+00  6.031615E+04  0.000000E+00
  0.000000E+00  0.000000E+00  9.000000E+01  9.000000E+01  9.000000E+01
  0.000000E+00  2.532086E+00  0.000000E+00  2.919701E+02  3.006281E+02
  2.394370E+00  4.210933E-01  4.750112E-02  4.210933E-01  3.411102E+00
  4.077390E-01  4.750112E-02  4.077390E-01  1.790787E+00
      2700  2.700000E+00        39
 -1.169337E+03  5.146493E+03 -1.509275E+03  1.696314E+02 -1.678906E+03
  0.000000E+00  0.000000E+00  0.000000E+00  0.000000E+00 -1.074353E+03
  0.000000E+00  3.949207E+02 -1.265056E+03  1.659977E+03  0.000000E+00
  0.000000E+00  0.000000E+00  0.000000E+00  6.031615E+04  0.000000E+00
  0.000000E+00  0.000000E+00  9.000000E+01  9.000000E+01  9.000000E+01
  0.000000E+00  2.490086E+00  0.000000E+00  3.043931E+02  3.132065E+02
  3.043082E+00  5.269082E-01  4.297551E-01  5.269082E-01  2.201202E+00
  4.123791E-01  4.297551E-01  4.123791E-01  2.225973E+00
      2800  2.800000E+00        39
 -1.169165E+03  4.900208E+03 -1.492835E+03  1.573982E+02 -1.650233E+03
  0.000000E+00  0.000000E+00  0.000000E+00  0.000000E+00 -1.101574E+03
  0.000000E+00  4.445669E+02 -1.186570E+03  1.631137E+03  0.000000E+00
  0.000000E+00  0.000000E+00  0.000000E+00  6.031615E+04  0.000000E+00
  0.000000E+00  0.000000E+00  9.000000E+01  9.000000E+01  9.000000E+01
  0.000000E+00  1.771939E+00  0.000000E+00  3.198649E+02  3.244138E+02
  1.188459E+00  8.254343E-01  1.125679E+00  8.254343E-01  2.050862E+00
  1.695824E-01  1.125679E+00  1.695824E-01  2.076496E+00
      2900  2.900000E+00        39
 -1.169546E+03  5.064393E+03 -1.504060E+03  1.546516E+02 -1.658712E+03
  0.000000E+00  0.000000E+00  0.000000E+00  0.000000E+00 -1.107063E+03
  0.000000E+00  4.815810E+02 -1.157763E+03  1.639344E+03  0.000000E+00
  0.000000E+00  0.000000E+00  0.000000E+00  6.031615E+04  0.000000E+00
  0.000000E+00  0.000000E+00  9.000000E+01  9.000000E+01  9.000000E+01
  0.000000E+00  1.638024E+00  0.000000E+00  3.321364E+02  3.363605E+02
  1.881245E+00 -2.153806E-01 -3.764234E-01 -2.153806E-01  1.149446E+00
 -4.727852E-01 -3.764234E-01 -4.727852E-01  1.883382E+00
      3000  3.000000E+00        39
 -1.169211E+03  4.949443E+03 -1.496132E+03  1.673746E+02 -1.663507E+03
  0.000000E+00  0.000000E+00  0.000000E+00  0.000000E+00 -1.084704E+03
  0.000000E+00  4.003251E+02 -1.244131E+03  1.644456E+03  0.000000E+00
  0.000000E+00  0.000000E+00  0.000000E+00  6.031615E+04  0.000000E+00
  0.000000E+00  0.000000E+00  9.000000E+01  9.000000E+01  9.000000E+01
  0.000000E+00  2.215384E+00  0.000000E+00  3.497565E+02  3.470530E+02
  2.743022E+00 -6.786652E-01 -8.775606E-01 -6.786652E-01  2.110262E+00
 -9.141181E-01 -8.775606E-01 -9.141181E-01  1.792868E+00
      3100  3.100000E+00        39
 -1.170340E+03  5.204369E+03 -1.514100E+03  1.619096E+02 -1.676009E+03
  0.000000E+00  0.000000E+00  0.000000E+00  0.000000E+00 -1.089641E+03
  0.000000E+00  4.454241E+02 -1.211598E+03  1.657022E+03  0.000000E+00
  0.000000E+00  0.000000E+00  0.000000E+00  6.031615E+04  0.000000E+00
  0.000000E+00  0.000000E+00  9.000000E+01  9.000000E+01  9.000000E+01
  0.000000E+00  2.115572E+00  0.000000E+00  3.611560E+02  3.620285E+02
  1.913311E+00 -6.757222E-01  1.246424E-01 -6.757222E-01  2.637426E+00
 -3.027894E-02  1.246424E-01 -3.027894E-02  1.795978E+00
      3200  3.200000E+00        39
 -1.169767E+03  4.906006E+03 -1.493820E+03  1.607780E+02 -1.654597E+03
  0.000000E+00  0.000000E+00  0.000000E+00  0.000000E+00 -1.098272E+03
  0.000000E+00  4.336215E+02 -1.201601E+03  1.635223E+03  0.000000E+00
  0.000000E+00  0.000000E+00  0.000000E+00  6.031615E+04  0.000000E+00
  0.000000E+00  0.000000E+00  9.000000E+01  9.000000E+01  9.000000E+01
  0.000000E+00  1.874278E+00  0.000000E+00  3.774636E+02  3.751534E+02
  2.034972E+00 -4.467059E-01  4.824583E-01 -4.467059E-01  9.105827E-01
  7.482170E-01  4.824583E-01  7.482170E-01  2.677279E+00
      3300  3.300000E+00        39
 -1.169786E+03  5.012323E+03 -1.500861E+03  1.526889E+02 -1.653550E+03
  0.000000E+00  0.000000E+00  0.000000E+00  0.000000E+00 -1.108284E+03
  0.000000E+00  4.776465E+02 -1.156869E+03  1.634515E+03  0.000000E+00
  0.000000E+00  0.000000E+00  0.000000E+00  6.031615E+04  0.000000E+00
  0.000000E+00  0.000000E+00  9.000000E+01  9.000000E+01  9.000000E+01
  0.000000E+00  1.612297E+00  0.000000E+00  3.917274E+02  3.878645E+02
  1.718855E+00  5.920500E-01 -5.189487E-01  5.920500E-01  2.166935E+00
 -1.446228E-01 -5.189487E-01 -1.446228E-01  9.511010E-01
      3400  3.400000E+00        39
 -1.169256E+03  5.126389E+03 -1.507865E+03  1.827315E+02 -1.690597E+03
  0.000000E+00  0.000000E+00  0.000000E+00  0.000000E+00 -1.051182E+03
  0.000000E+00  3.229978E+02 -1.348517E+03  1.671515E+03  0.000000E+00
  0.000000E+00  0.000000E+00  0.000000E+00  6.031615E+04  0.000000E+00
  0.000000E+00  0.000000E+00  9.000000E+01  9.000000E+01  9.000000E+01
  0.000000E+00  3.095379E+00  0.000000E+00  4.038330E+02  3.994383E+02
  3.368781E+00  7.289281E-02  2.890738E-01  7.289281E-02  2.909521E+00
  1.222226E+00  2.890738E-01  1.222226E+00  3.007836E+00
      3500  3.500000E+00        39
 -1.169244E+03  5.007664E+03 -1.500011E+03  1.604801E+02 -1.660492E+03
  0.000000E+00  0.000000E+00  0.000000E+00  0.000000E+00 -1.095655E+03
  0.000000E+00  4.407669E+02 -1.200541E+03  1.641308E+03  0.000000E+00
  0.000000E+00  0.000000E+00  0.000000E+00  6.031615E+04  0.000000E+00
  0.000000E+00  0.000000E+00  9.000000E+01  9.000000E+01  9.000000E+01
  0.000000E+00  1.929191E+00  0.000000E+00  4.118138E+02  4.125318E+02
  1.132352E+00  1.936292E-01  4.401924E-01  1.936292E-01  1.736569E+00
  2.831293E-01  4.401924E-01  2.831293E-01  2.918653E+00
      3600  3.600000E+00        39
 -1.169601E+03  5.115215E+03 -1.507472E+03  1.722315E+02 -1.679704E+03
  0.000000E+00  0.000000E+00  0.000000E+00  0.000000E+00 -1.071272E+03
  0.000000E+00  3.807568E+02 -1.279894E+03  1.660651E+03  0.000000E+00
  0.000000E+00  0.000000E+00  0.000000E+00  6.031615E+04  0.000000E+00
  0.000000E+00  0.000000E+00  9.000000E+01  9.000000E+01  9.000000E+01
  0.000000E+00  2.577750E+00  0.000000E+00  4.204692E+02  4.208427E+02
  1.740555E+00 -3.371969E-01  1.744827E-01 -3.371969E-01  2.881354E+00
 -7.040562E-01  1.744827E-01 -7.040562E-01  3.111342E+00
      3700  3.700000E+00        39
 -1.169195E+03  5.089110E+03 -1.505342E+03  1.664443E+02 -1.671786E+03
  0.000000E+00  0.000000E+00  0.000000E+00  0.000000E+00 -1.078594E+03
  0.000000E+00  4.004941E+02 -1.252078E+03  1.652572E+03  0.000000E+00
  0.000000E+00  0.000000E+00  0.000000E+00  6.031615E+04  0.000000E+00
  0.000000E+00  0.000000E+00  9.000000E+01  9.000000E+01  9.000000E+01
  0.000000E+00  2.375139E+00  0.000000E+00  4.296149E+02  4.292690E+02
  2.091390E+00 -5.954179E-01  5.292575E-01 -5.954179E-01  2.903409E+00
 -8.109195E-01  5.292575E-01 -8.109195E-01  2.130619E+00
      3800  3.800000E+00        39
 -1.169313E+03  5.291027E+03 -1.518797E+03  1.621831E+02 -1.680981E+03
  0.000000E+00  0.000000E+00  0.000000E+00  0.000000E+00 -1.082471E+03
  0.000000E+00  4.384430E+02 -1.223088E+03  1.661531E+03  0.000000E+00
  0.000000E+00  0.000000E+00  0.000000E+00  6.031615E+04  0.000000E+00
  0.000000E+00  0.000000E+00  9.000000E+01  9.000000E+01  9.000000E+01
  0.000000E+00  2.276614E+00  0.000000E+00  4.411675E+02  4.407548E+02
  1.868637E+00  4.839873E-01  1.357377E-01  4.839873E-01  2.869920E+00
  6.276150E-02  1.357377E-01  6.276150E-02  2.091287E+00
      3900  3.900000E+00        39
 -1.169389E+03  5.239150E+03 -1.515447E+03  1.837709E+02 -1.699218E+03
  0.000000E+00  0.000000E+00  0.000000E+00  0.000000E+00 -1.045702E+03
  0.000000E+00  3.210524E+02 -1.359063E+03  1.680116E+03  0.000000E+00
  0.000000E+00  0.000000E+00  0.000000E+00  6.031615E+04  0.000000E+00
  0.000000E+00  0.000000E+00  9.000000E+01  9.000000E+01  9.000000E+01
  0.000000E+00  3.242551E+00  0.000000E+00  4.569416E+02  4.507748E+02
  3.751736E+00 -1.024837E+00 -1.069733E-01 -1.024837E+00  2.400714E+00
  5.169370E-01 -1.069733E-01  5.169370E-01  3.575203E+00
      4000  4.000000E+00        39
 -1.169408E+03  5.033254E+03 -1.501866E+03  1.780429E+02 -1.679909E+03
  0.000000E+00  0.000000E+00  0.000000E+00  0.000000E+00 -1.060900E+03
  0.000000E+00  3.393919E+02 -1.321417E+03  1.660809E+03  0.000000E+00
  0.000000E+00  0.000000E+00  0.000000E+00  6.031615E+04  0.000000E+00
  0.000000E+00  0.000000E+00  9.000000E+01  9.000000E+01  9.000000E+01
  0.000000E+00  2.844604E+00  0.000000E+00  4.676543E+02  4.638646E+02
  3.932649E+00 -1.043851E+00  9.919004E-01 -1.043851E+00  2.578485E+00
 -7.979154E-01  9.919004E-01 -7.979154E-01  2.022677E+00
