DL_POLY : Silica glass                                                  
 ENERGY UNITS = electron Volts
         0  0.000000E+00        49
 -1.139678E+04  1.500000E+03 -1.152222E+04  5.641612E+02 -1.208639E+04
  0.000000E+00  0.000000E+00  0.000000E+00  0.000000E+00 -1.139677E+04
  0.000000E+00  7.229597E+00 -1.207878E+04  1.208601E+04  0.000000E+00
  0.000000E+00  0.000000E+00  0.000000E+00  1.014622E+04  0.000000E+00
  0.000000E+00  0.000000E+00  9.000000E+01  9.000000E+01  9.000000E+01
  0.000000E+00  1.265793E+01  0.000000E+00  0.000000E+00  0.000000E+00
  6.398093E+00 -5.895493E-01 -5.701428E+00 -5.895493E-01  1.423730E+01
  2.223240E+00 -5.701428E+00  2.223240E+00  1.733839E+01  2.164885E+01
  0.000000E+00  0.000000E+00  0.000000E+00  2.164885E+01  0.000000E+00
  0.000000E+00  0.000000E+00  2.164885E+01  8.122186E+01
       100  1.000000E-01        49
 -1.128099E+04  1.500000E+03 -1.140644E+04  5.490459E+02 -1.195549E+04
  0.000000E+00  0.000000E+00  0.000000E+00  0.000000E+00 -1.128099E+04
  0.000000E+00  2.485730E+02 -1.170598E+04  1.195455E+04  0.000000E+00
  0.000000E+00  0.000000E+00  0.000000E+00  1.011502E+04  0.000000E+00
  0.000000E+00  0.000000E+00  9.000000E+01  9.000000E+01  9.000000E+01
  0.000000E+00  1.210058E-01  0.000000E+00  2.227896E-01  3.569794E-01
 -1.127930E+01  8.688904E-01 -2.847826E+00  8.688904E-01  7.224479E+00
  2.151196E+00 -2.847826E+00  2.151196E+00  4.417843E+00  2.162663E+01
  0.000000E+00  0.000000E+00  0.000000E+00  2.162663E+01  0.000000E+00
  0.000000E+00  0.000000E+00  2.162663E+01  7.740678E-01
       200  2.000000E-01        49
 -1.129262E+04  1.500000E+03 -1.141807E+04  5.677945E+02 -1.198586E+04
  0.000000E+00  0.000000E+00  0.000000E+00  0.000000E+00 -1.129261E+04
  0.000000E+00  1.511630E+02 -1.183418E+04  1.198535E+04  0.000000E+00
  0.000000E+00  0.000000E+00  0.000000E+00  1.027616E+04  0.000000E+00
  0.000000E+00  0.000000E+00  9.000000E+01  9.000000E+01  9.000000E+01
  0.000000E+00  5.115371E+00  0.000000E+00  2.667400E-01  4.308596E-01
 -9.769635E+00  2.920682E+00 -3.488158E+00  2.920682E+00  1.097695E+01
  2.547550E-01 -3.488158E+00  2.547550E-01  1.413880E+01  2.174087E+01
  0.000000E+00  0.000000E+00  0.000000E+00  2.174087E+01  0.000000E+00
  0.000000E+00  0.000000E+00  2.174087E+01  3.324405E+01
       300  3.000000E-01        49
 -1.129400E+04  1.500000E+03 -1.141945E+04  5.542296E+02 -1.197368E+04
  0.000000E+00  0.000000E+00  0.000000E+00  0.000000E+00 -1.129400E+04
  0.000000E+00  2.391560E+02 -1.173396E+04  1.197312E+04  0.000000E+00
  0.000000E+00  0.000000E+00  0.000000E+00  1.028295E+04  0.000000E+00
  0.000000E+00  0.000000E+00  9.000000E+01  9.000000E+01  9.000000E+01
  0.000000E+00  6.017156E-01  0.000000E+00  2.801051E-01  4.759628E-01
 -8.154799E+00  2.311793E+00 -5.261040E-01  2.311793E+00  1.780223E+00
  6.144591E+00 -5.261040E-01  6.144591E+00  8.179723E+00  2.174566E+01
  0.000000E+00  0.000000E+00  0.000000E+00  2.174566E+01  0.000000E+00
  0.000000E+00  0.000000E+00  2.174566E+01  3.913047E+00
       400  4.000000E-01        49
 -1.129722E+04  1.500000E+03 -1.142267E+04  5.469852E+02 -1.196966E+04
  0.000000E+00  0.000000E+00  0.000000E+00  0.000000E+00 -1.129722E+04
  0.000000E+00  2.936203E+02 -1.167576E+04  1.196938E+04  0.000000E+00
  0.000000E+00  0.000000E+00  0.000000E+00  1.026301E+04  0.000000E+00
  0.000000E+00  0.000000E+00  9.000000E+01  9.000000E+01  9.000000E+01
  0.000000E+00 -2.194225E+00  0.000000E+00  2.949903E-01  4.941116E-01
 -1.562110E+01  4.272839E+00 -3.928157E+00  4.272839E+00  6.385759E+00
  2.401490E+00 -3.928157E+00  2.401490E+00  2.652663E+00  2.173159E+01
  0.000000E+00  0.000000E+00  0.000000E+00  2.173159E+01  0.000000E+00
  0.000000E+00  0.000000E+00  2.173159E+01 -1.424170E+01
       500  5.000000E-01        49
 -1.129241E+04  1.500000E+03 -1.141786E+04  5.557853E+02 -1.197364E+04
  0.000000E+00  0.000000E+00  0.000000E+00  0.000000E+00 -1.129240E+04
  0.000000E+00  2.459044E+02 -1.172756E+04  1.197346E+04  0.000000E+00
  0.000000E+00  0.000000E+00  0.000000E+00  1.029453E+04  0.000000E+00
  0.000000E+00  0.000000E+00  9.000000E+01  9.000000E+01  9.000000E+01
  0.000000E+00  2.555243E-01  0.000000E+00  2.997270E-01  4.744820E-01
 -3.037546E+00  4.878734E+00 -2.563542E+00  4.878734E+00 -1.721140E-01
  4.786580E+00 -2.563542E+00  4.786580E+00  3.976233E+00  2.175382E+01
  0.000000E+00  0.000000E+00  0.000000E+00  2.175382E+01  0.000000E+00
  0.000000E+00  0.000000E+00  2.175382E+01  1.663583E+00
       600  6.000000E-01        49
 -1.128780E+04  1.500000E+03 -1.141325E+04  5.772292E+02 -1.199048E+04
  0.000000E+00  0.000000E+00  0.000000E+00  0.000000E+00 -1.128780E+04
  0.000000E+00  1.021596E+02 -1.188786E+04  1.199002E+04  0.000000E+00
  0.000000E+00  0.000000E+00  0.000000E+00  1.028959E+04  0.000000E+00
  0.000000E+00  0.000000E+00  9.000000E+01  9.000000E+01  9.000000E+01
  0.000000E+00  7.618849E+00  0.000000E+00  2.694348E-01  4.438444E-01
  4.238411E+00  2.997915E+00  5.611031E-02  2.997915E+00  8.719712E+00
  2.033540E+00  5.611031E-02  2.033540E+00  9.898424E+00  2.175034E+01
  0.000000E+00  0.000000E+00  0.000000E+00  2.175034E+01  0.000000E+00
  0.000000E+00  0.000000E+00  2.175034E+01  4.957853E+01
       700  7.000000E-01        49
 -1.130052E+04  1.500000E+03 -1.142597E+04  5.597480E+02 -1.198571E+04
  0.000000E+00  0.000000E+00  0.000000E+00  0.000000E+00 -1.130051E+04
  0.000000E+00  2.175278E+02 -1.176757E+04  1.198510E+04  0.000000E+00
  0.000000E+00  0.000000E+00  0.000000E+00  1.039399E+04  0.000000E+00
  0.000000E+00  0.000000E+00  9.000000E+01  9.000000E+01  9.000000E+01
  0.000000E+00  1.692049E+00  0.000000E+00  2.233684E-01  3.752714E-01
  4.802944E+00  6.839813E+00 -2.389979E+00  6.839813E+00  5.858733E-01
  4.610152E+00 -2.389979E+00  4.610152E+00 -3.126719E-01  2.182365E+01
  0.000000E+00  0.000000E+00  0.000000E+00  2.182365E+01  0.000000E+00
  0.000000E+00  0.000000E+00  2.182365E+01  1.112246E+01
       800  8.000000E-01        49
 -1.129503E+04  1.500000E+03 -1.142048E+04  5.616654E+02 -1.198214E+04
  0.000000E+00  0.000000E+00  0.000000E+00  0.000000E+00 -1.129502E+04
  0.000000E+00  2.352077E+02 -1.174637E+04  1.198158E+04  0.000000E+00
  0.000000E+00  0.000000E+00  0.000000E+00  1.043240E+04  0.000000E+00
  0.000000E+00  0.000000E+00  9.000000E+01  9.000000E+01  9.000000E+01
  0.000000E+00  7.925782E-01  0.000000E+00  1.871087E-01  3.135401E-01
 -7.903925E+00  7.030613E-01 -2.662044E+00  7.030613E-01  3.394171E+00
  4.375411E+00 -2.662044E+00  4.375411E+00  6.887489E+00  2.185050E+01
  0.000000E+00  0.000000E+00  0.000000E+00  2.185050E+01  0.000000E+00
  0.000000E+00  0.000000E+00  2.185050E+01  5.229167E+00
       900  9.000000E-01        49
 -1.129078E+04  1.500000E+03 -1.141623E+04  5.511896E+02 -1.196742E+04
  0.000000E+00  0.000000E+00  0.000000E+00  0.000000E+00 -1.129078E+04
  0.000000E+00  2.980822E+02 -1.166886E+04  1.196694E+04  0.000000E+00
  0.000000E+00  0.000000E+00  0.000000E+00  1.040138E+04  0.000000E+00
  0.000000E+00  0.000000E+00  9.000000E+01  9.000000E+01  9.000000E+01
  0.000000E+00 -2.391135E+00  0.000000E+00  1.713073E-01  2.899712E-01
 -1.226346E+01  6.090625E+00 -7.213045E+00  6.090625E+00  3.101264E+00
  1.439842E+00 -7.213045E+00  1.439842E+00  1.988789E+00  2.182882E+01
  0.000000E+00  0.000000E+00  0.000000E+00  2.182882E+01  0.000000E+00
  0.000000E+00  0.000000E+00  2.182882E+01 -1.572899E+01
      1000  1.000000E+00        49
 -1.128974E+04  1.500000E+03 -1.141518E+04  5.471561E+02 -1.196234E+04
  0.000000E+00  0.000000E+00  0.000000E+00  0.000000E+00 -1.128973E+04
  0.000000E+00  3.078948E+02 -1.165349E+04  1.196139E+04  0.000000E+00
  0.000000E+00  0.000000E+00  0.000000E+00  1.032592E+04  0.000000E+00
  0.000000E+00  0.000000E+00  9.000000E+01  9.000000E+01  9.000000E+01
  0.000000E+00 -2.909483E+00  0.000000E+00  1.990044E-01  3.225536E-01
 -1.562755E+01  1.050469E+00 -3.166619E+00  1.050469E+00  4.842614E+00
 -4.399882E-01 -3.166619E+00 -4.399882E-01  2.056489E+00  2.177591E+01
  0.000000E+00  0.000000E+00  0.000000E+00  2.177591E+01  0.000000E+00
  0.000000E+00  0.000000E+00  2.177591E+01 -1.899987E+01
      1100  1.100000E+00        49
 -1.129184E+04  1.500000E+03 -1.141729E+04  5.561262E+02 -1.197342E+04
  0.000000E+00  0.000000E+00  0.000000E+00  0.000000E+00 -1.129184E+04
  0.000000E+00  2.457934E+02 -1.172742E+04  1.197322E+04  0.000000E+00
  0.000000E+00  0.000000E+00  0.000000E+00  1.033313E+04  0.000000E+00
  0.000000E+00  0.000000E+00  9.000000E+01  9.000000E+01  9.000000E+01
  0.000000E+00  2.602318E-01  0.000000E+00  2.107514E-01  3.499012E-01
 -1.330139E+01  9.577157E+00  5.671208E-01  9.577157E+00  6.620565E+00
  8.099214E+00  5.671208E-01  8.099214E+00  7.461518E+00  2.178097E+01
  0.000000E+00  0.000000E+00  0.000000E+00  2.178097E+01  0.000000E+00
  0.000000E+00  0.000000E+00  2.178097E+01  1.700585E+00
      1200  1.200000E+00        49
 -1.129274E+04  1.500000E+03 -1.141819E+04  5.511797E+02 -1.196937E+04
  0.000000E+00  0.000000E+00  0.000000E+00  0.000000E+00 -1.129273E+04
  0.000000E+00  2.670913E+02 -1.170193E+04  1.196902E+04  0.000000E+00
  0.000000E+00  0.000000E+00  0.000000E+00  1.025070E+04  0.000000E+00
  0.000000E+00  0.000000E+00  9.000000E+01  9.000000E+01  9.000000E+01
  0.000000E+00 -8.327803E-01  0.000000E+00  1.781833E-01  3.038126E-01
 -1.164052E+01 -4.660794E-01 -2.236653E+00 -4.660794E-01  4.508624E-01
  5.295645E+00 -2.236653E+00  5.295645E+00  8.691313E+00  2.172290E+01
  0.000000E+00  0.000000E+00  0.000000E+00  2.172290E+01  0.000000E+00
  0.000000E+00  0.000000E+00  2.172290E+01 -5.398710E+00
      1300  1.300000E+00        49
 -1.129228E+04  1.500000E+03 -1.141773E+04  5.507863E+02 -1.196851E+04
  0.000000E+00  0.000000E+00  0.000000E+00  0.000000E+00 -1.129227E+04
  0.000000E+00  2.828260E+02 -1.168524E+04  1.196807E+04  0.000000E+00
  0.000000E+00  0.000000E+00  0.000000E+00  1.032000E+04  0.000000E+00
  0.000000E+00  0.000000E+00  9.000000E+01  9.000000E+01  9.000000E+01
  0.000000E+00 -1.630808E+00  0.000000E+00  1.889094E-01  3.394262E-01
 -1.167743E+01  6.322540E+00 -3.694092E+00  6.322540E+00  3.829780E+00
 -2.095390E+00 -3.694092E+00 -2.095390E+00  2.955222E+00  2.177174E+01
  0.000000E+00  0.000000E+00  0.000000E+00  2.177174E+01  0.000000E+00
  0.000000E+00  0.000000E+00  2.177174E+01 -1.064359E+01
      1400  1.400000E+00        49
 -1.129567E+04  1.500000E+03 -1.142112E+04  5.527863E+02 -1.197391E+04
  0.000000E+00  0.000000E+00  0.000000E+00  0.000000E+00 -1.129567E+04
  0.000000E+00  2.733318E+02 -1.170019E+04  1.197352E+04  0.000000E+00
  0.000000E+00  0.000000E+00  0.000000E+00  1.033896E+04  0.000000E+00
  0.000000E+00  0.000000E+00  9.000000E+01  9.000000E+01  9.000000E+01
  0.000000E+00 -1.143807E+00  0.000000E+00  2.253450E-01  3.852811E-01
 -9.608806E+00 -5.048870E+00 -4.496749E+00 -5.048870E+00  6.099474E+00
  3.317402E+00 -4.496749E+00  3.317402E+00  7.791183E-02  2.178507E+01
  0.000000E+00  0.000000E+00  0.000000E+00  2.178507E+01  0.000000E+00
  0.000000E+00  0.000000E+00  2.178507E+01 -7.478864E+00
      1500  1.500000E+00        49
 -1.128962E+04  1.500000E+03 -1.141507E+04  5.587896E+02 -1.197386E+04
  0.000000E+00  0.000000E+00  0.000000E+00  0.000000E+00 -1.128962E+04
  0.000000E+00  2.349915E+02 -1.173872E+04  1.197371E+04  0.000000E+00
  0.000000E+00  0.000000E+00  0.000000E+00  1.032587E+04  0.000000E+00
  0.000000E+00  0.000000E+00  9.000000E+01  9.000000E+01  9.000000E+01
  0.000000E+00  8.117914E-01  0.000000E+00  2.333296E-01  4.183071E-01
  1.329539E+00  1.325006E-01 -6.538791E+00  1.325006E-01 -5.333224E-01
 -3.170976E+00 -6.538791E+00 -3.170976E+00  1.639158E+00  2.177587E+01
  0.000000E+00  0.000000E+00  0.000000E+00  2.177587E+01  0.000000E+00
  0.000000E+00  0.000000E+00  2.177587E+01  5.301236E+00
      1600  1.600000E+00        49
 -1.128725E+04  1.500000E+03 -1.141270E+04  5.493113E+02 -1.196201E+04
  0.000000E+00  0.000000E+00  0.000000E+00  0.000000E+00 -1.128725E+04
  0.000000E+00  3.172731E+02 -1.164457E+04  1.196184E+04  0.000000E+00
  0.000000E+00  0.000000E+00  0.000000E+00  1.037846E+04  0.000000E+00
  0.000000E+00  0.000000E+00  9.000000E+01  9.000000E+01  9.000000E+01
  0.000000E+00 -3.371039E+00  0.000000E+00  2.640107E-01  4.434780E-01
 -6.568210E+00 -1.353819E+00 -1.579176E+00 -1.353819E+00 -7.898473E+00
  3.862580E+00 -1.579176E+00  3.862580E+00  4.353567E+00  2.181278E+01
  0.000000E+00  0.000000E+00  0.000000E+00  2.181278E+01  0.000000E+00
  0.000000E+00  0.000000E+00  2.181278E+01 -2.212599E+01
      1700  1.700000E+00        49
 -1.129073E+04  1.500000E+03 -1.141618E+04  5.624987E+02 -1.197868E+04
  0.000000E+00  0.000000E+00  0.000000E+00  0.000000E+00 -1.129073E+04
  0.000000E+00  2.166264E+02 -1.176169E+04  1.197831E+04  0.000000E+00
  0.000000E+00  0.000000E+00  0.000000E+00  1.034529E+04  0.000000E+00
  0.000000E+00  0.000000E+00  9.000000E+01  9.000000E+01  9.000000E+01
  0.000000E+00  1.745938E+00  0.000000E+00  2.579450E-01  4.452098E-01
 -5.495729E+00  4.149853E+00 -7.013869E-01  4.149853E+00 -1.431847E+00
  3.065983E+00 -7.013869E-01  3.065983E+00  1.216539E+01  2.178952E+01
  0.000000E+00  0.000000E+00  0.000000E+00  2.178952E+01  0.000000E+00
  0.000000E+00  0.000000E+00  2.178952E+01  1.142293E+01
      1800  1.800000E+00        49
 -1.128533E+04  1.500000E+03 -1.141077E+04  5.695197E+02 -1.198029E+04
  0.000000E+00  0.000000E+00  0.000000E+00  0.000000E+00 -1.128532E+04
  0.000000E+00  1.753299E+02 -1.180421E+04  1.197954E+04  0.000000E+00
  0.000000E+00  0.000000E+00  0.000000E+00  1.037603E+04  0.000000E+00
  0.000000E+00  0.000000E+00  9.000000E+01  9.000000E+01  9.000000E+01
  0.000000E+00  3.838522E+00  0.000000E+00  2.529666E-01  4.268889E-01
 -6.041795E+00  8.801728E+00 -4.794331E+00  8.801728E+00  4.657736E+00
  4.342396E+00 -4.794331E+00  4.342396E+00  1.289962E+01  2.181107E+01
  0.000000E+00  0.000000E+00  0.000000E+00  2.181107E+01  0.000000E+00
  0.000000E+00  0.000000E+00  2.181107E+01  2.518843E+01
      1900  1.900000E+00        49
 -1.129242E+04  1.500000E+03 -1.141786E+04  5.478554E+02 -1.196572E+04
  0.000000E+00  0.000000E+00  0.000000E+00  0.000000E+00 -1.129241E+04
  0.000000E+00  3.011124E+02 -1.166393E+04  1.196504E+04  0.000000E+00
  0.000000E+00  0.000000E+00  0.000000E+00  1.031848E+04  0.000000E+00
  0.000000E+00  0.000000E+00  9.000000E+01  9.000000E+01  9.000000E+01
  0.000000E+00 -2.565131E+00  0.000000E+00  2.477863E-01  3.902802E-01
 -7.291470E+00  3.484007E+00 -3.567978E+00  3.484007E+00 -1.889090E+00
 -1.206611E+00 -3.567978E+00 -1.206611E+00  1.485166E+00  2.177068E+01
  0.000000E+00  0.000000E+00  0.000000E+00  2.177068E+01  0.000000E+00
  0.000000E+00  0.000000E+00  2.177068E+01 -1.673908E+01
      2000  2.000000E+00        49
 -1.128909E+04  1.500000E+03 -1.141454E+04  5.621361E+02 -1.197668E+04
  0.000000E+00  0.000000E+00  0.000000E+00  0.000000E+00 -1.128909E+04
  0.000000E+00  2.275580E+02 -1.174841E+04  1.197597E+04  0.000000E+00
  0.000000E+00  0.000000E+00  0.000000E+00  1.040155E+04  0.000000E+00
  0.000000E+00  0.000000E+00  9.000000E+01  9.000000E+01  9.000000E+01
  0.000000E+00  1.182558E+00  0.000000E+00  2.275419E-01  3.674909E-01
 -1.035526E+00  5.537923E+00 -4.205458E+00  5.537923E+00  7.199333E+00
  6.802614E-01 -4.205458E+00  6.802614E-01 -2.616131E+00  2.182894E+01
  0.000000E+00  0.000000E+00  0.000000E+00  2.182894E+01  0.000000E+00
  0.000000E+00  0.000000E+00  2.182894E+01  7.779051E+00
      2100  2.100000E+00        49
 -1.129099E+04  1.500000E+03 -1.141643E+04  5.660484E+02 -1.198248E+04
  0.000000E+00  0.000000E+00  0.000000E+00  0.000000E+00 -1.129098E+04
  0.000000E+00  2.166162E+02 -1.176535E+04  1.198197E+04  0.000000E+00
  0.000000E+00  0.000000E+00  0.000000E+00  1.045201E+04  0.000000E+00
  0.000000E+00  0.000000E+00  9.000000E+01  9.000000E+01  9.000000E+01
  0.000000E+00  1.728624E+00  0.000000E+00  2.244726E-01  3.749312E-01
  2.620921E+00  9.677115E-01 -2.690107E+00  9.677115E-01 -1.937577E+00
  3.902584E+00 -2.690107E+00  3.902584E+00  4.502528E+00  2.186418E+01
  0.000000E+00  0.000000E+00  0.000000E+00  2.186418E+01  0.000000E+00
  0.000000E+00  0.000000E+00  2.186418E+01  1.142632E+01
      2200  2.200000E+00        49
 -1.128946E+04  1.500000E+03 -1.141491E+04  5.524169E+02 -1.196733E+04
  0.000000E+00  0.000000E+00  0.000000E+00  0.000000E+00 -1.128946E+04
  0.000000E+00  2.977796E+02 -1.166939E+04  1.196717E+04  0.000000E+00
  0.000000E+00  0.000000E+00  0.000000E+00  1.040856E+04  0.000000E+00
  0.000000E+00  0.000000E+00  9.000000E+01  9.000000E+01  9.000000E+01
  0.000000E+00 -2.374164E+00  0.000000E+00  2.092667E-01  3.868063E-01
  9.164625E-01  2.183652E+00 -3.597010E+00  2.183652E+00 -7.797890E+00
  1.158440E+01 -3.597010E+00  1.158440E+01 -2.410659E-01  2.183385E+01
  0.000000E+00  0.000000E+00  0.000000E+00  2.183385E+01  0.000000E+00
  0.000000E+00  0.000000E+00  2.183385E+01 -1.562815E+01
      2300  2.300000E+00        49
 -1.129155E+04  1.500000E+03 -1.141700E+04  5.604860E+02 -1.197749E+04
  0.000000E+00  0.000000E+00  0.000000E+00  0.000000E+00 -1.129155E+04
  0.000000E+00  2.547740E+02 -1.172269E+04  1.197746E+04  0.000000E+00
  0.000000E+00  0.000000E+00  0.000000E+00  1.045898E+04  0.000000E+00
  0.000000E+00  0.000000E+00  9.000000E+01  9.000000E+01  9.000000E+01
  0.000000E+00 -1.954689E-01  0.000000E+00  1.899312E-01  3.275847E-01
 -6.412081E+00 -1.343119E+00 -7.423605E-01 -1.343119E+00 -4.965436E+00
  2.914034E+00 -7.423605E-01  2.914034E+00  1.079111E+01  2.186905E+01
  0.000000E+00  0.000000E+00  0.000000E+00  2.186905E+01  0.000000E+00
  0.000000E+00  0.000000E+00  2.186905E+01 -1.292925E+00
      2400  2.400000E+00        49
 -1.129716E+04  1.500000E+03 -1.142260E+04  5.497370E+02 -1.197234E+04
  0.000000E+00  0.000000E+00  0.000000E+00  0.000000E+00 -1.129715E+04
  0.000000E+00  2.833780E+02 -1.168886E+04  1.197224E+04  0.000000E+00
  0.000000E+00  0.000000E+00  0.000000E+00  1.037369E+04  0.000000E+00
  0.000000E+00  0.000000E+00  9.000000E+01  9.000000E+01  9.000000E+01
  0.000000E+00 -1.650414E+00  0.000000E+00  1.809853E-01  2.804340E-01
 -6.104242E+00  5.910483E+00 -6.819729E+00  5.910483E+00 -1.379286E+00
  4.425744E+00 -6.819729E+00  4.425744E+00  2.532288E+00  2.180944E+01
  0.000000E+00  0.000000E+00  0.000000E+00  2.180944E+01  0.000000E+00
  0.000000E+00  0.000000E+00  2.180944E+01 -1.082760E+01
      2500  2.500000E+00        49
 -1.129091E+04  1.500000E+03 -1.141635E+04  5.614962E+02 -1.197785E+04
  0.000000E+00  0.000000E+00  0.000000E+00  0.000000E+00 -1.129090E+04
  0.000000E+00  2.200699E+02 -1.175717E+04  1.197724E+04  0.000000E+00
  0.000000E+00  0.000000E+00  0.000000E+00  1.032120E+04  0.000000E+00
  0.000000E+00  0.000000E+00  9.000000E+01  9.000000E+01  9.000000E+01
  0.000000E+00  1.574163E+00  0.000000E+00  1.937968E-01  3.345847E-01
 -2.238761E+00  6.888559E+00 -4.374380E+00  6.888559E+00  2.414057E+00
  6.196477E-01 -4.374380E+00  6.196477E-01  4.547193E+00  2.177259E+01
  0.000000E+00  0.000000E+00  0.000000E+00  2.177259E+01  0.000000E+00
  0.000000E+00  0.000000E+00  2.177259E+01  1.027510E+01
      2600  2.600000E+00        49
 -1.129395E+04  1.500000E+03 -1.141940E+04  5.518145E+02 -1.197121E+04
  0.000000E+00  0.000000E+00  0.000000E+00  0.000000E+00 -1.129395E+04
  0.000000E+00  2.742325E+02 -1.169633E+04  1.197056E+04  0.000000E+00
  0.000000E+00  0.000000E+00  0.000000E+00  1.031382E+04  0.000000E+00
  0.000000E+00  0.000000E+00  9.000000E+01  9.000000E+01  9.000000E+01
  0.000000E+00 -1.192624E+00  0.000000E+00  2.419743E-01  4.066481E-01
 -5.223680E+00  5.406888E-01 -9.535930E-01  5.406888E-01  8.082822E-01
  1.050606E+01 -9.535930E-01  1.050606E+01  8.375241E-01  2.176740E+01
  0.000000E+00  0.000000E+00  0.000000E+00  2.176740E+01  0.000000E+00
  0.000000E+00  0.000000E+00  2.176740E+01 -7.779097E+00
      2700  2.700000E+00        49
 -1.129756E+04  1.500000E+03 -1.142301E+04  5.475897E+02 -1.197060E+04
  0.000000E+00  0.000000E+00  0.000000E+00  0.000000E+00 -1.129755E+04
  0.000000E+00  3.046152E+02 -1.166533E+04  1.196995E+04  0.000000E+00
  0.000000E+00  0.000000E+00  0.000000E+00  1.037586E+04  0.000000E+00
  0.000000E+00  0.000000E+00  9.000000E+01  9.000000E+01  9.000000E+01
  0.000000E+00 -2.728880E+00  0.000000E+00  2.501274E-01  4.283076E-01
 -9.897077E+00 -1.809512E+00 -5.091474E+00 -1.809512E+00  3.609998E+00
  6.731296E+00 -5.091474E+00  6.731296E+00 -1.899562E+00  2.181095E+01
  0.000000E+00  0.000000E+00  0.000000E+00  2.181095E+01  0.000000E+00
  0.000000E+00  0.000000E+00  2.181095E+01 -1.790666E+01
      2800  2.800000E+00        49
 -1.129853E+04  1.500000E+03 -1.142398E+04  5.537285E+02 -1.197770E+04
  0.000000E+00  0.000000E+00  0.000000E+00  0.000000E+00 -1.129852E+04
  0.000000E+00  2.711764E+02 -1.170625E+04  1.197743E+04  0.000000E+00
  0.000000E+00  0.000000E+00  0.000000E+00  1.036719E+04  0.000000E+00
  0.000000E+00  0.000000E+00  9.000000E+01  9.000000E+01  9.000000E+01
  0.000000E+00 -1.031114E+00  0.000000E+00  2.377227E-01  4.233366E-01
 -7.639096E+00  7.423862E+00 -2.079783E+00  7.423862E+00 -3.166452E+00
  4.451255E+00 -2.079783E+00  4.451255E+00  7.712207E+00  2.180488E+01
  0.000000E+00  0.000000E+00  0.000000E+00  2.180488E+01  0.000000E+00
  0.000000E+00  0.000000E+00  2.180488E+01 -6.760418E+00
      2900  2.900000E+00        49
 -1.128453E+04  1.500000E+03 -1.140997E+04  5.584957E+02 -1.196847E+04
  0.000000E+00  0.000000E+00  0.000000E+00  0.000000E+00 -1.128452E+04
  0.000000E+00  2.819072E+02 -1.168612E+04  1.196803E+04  0.000000E+00
  0.000000E+00  0.000000E+00  0.000000E+00  1.049316E+04  0.000000E+00
  0.000000E+00  0.000000E+00  9.000000E+01  9.000000E+01  9.000000E+01
  0.000000E+00 -1.557747E+00  0.000000E+00  2.643373E-01  4.977746E-01
 -1.000414E+01  8.133682E+00 -5.634781E+00  8.133682E+00 -5.372458E+00
  2.282824E+00 -5.634781E+00  2.282824E+00  1.070335E+01  2.189284E+01
  0.000000E+00  0.000000E+00  0.000000E+00  2.189284E+01  0.000000E+00
  0.000000E+00  0.000000E+00  2.189284E+01 -1.033735E+01
      3000  3.000000E+00        49
 -1.128689E+04  1.500000E+03 -1.141234E+04  5.573785E+02 -1.196972E+04
  0.000000E+00  0.000000E+00  0.000000E+00  0.000000E+00 -1.128689E+04
  0.000000E+00  2.564327E+02 -1.171305E+04  1.196948E+04  0.000000E+00
  0.000000E+00  0.000000E+00  0.000000E+00  1.032459E+04  0.000000E+00
  0.000000E+00  0.000000E+00  9.000000E+01  9.000000E+01  9.000000E+01
  0.000000E+00 -2.826936E-01  0.000000E+00  3.290808E-01  5.543743E-01
 -1.772184E+01  7.957275E-01 -7.898089E+00  7.957275E-01  7.265319E+00
  2.931413E+00 -7.898089E+00  2.931413E+00  9.608440E+00  2.177498E+01
  0.000000E+00  0.000000E+00  0.000000E+00  2.177498E+01  0.000000E+00
  0.000000E+00  0.000000E+00  2.177498E+01 -1.845844E+00
      3100  3.100000E+00        49
 -1.128763E+04  1.498534E+03 -1.141296E+04  5.614584E+02 -1.197442E+04
  0.000000E+00  0.000000E+00  0.000000E+00  0.000000E+00 -1.128763E+04
  0.000000E+00  2.030536E+02 -1.177065E+04  1.197370E+04  0.000000E+00
  0.000000E+00  0.000000E+00  0.000000E+00  1.027491E+04  0.000000E+00
  0.000000E+00  0.000000E+00  9.000000E+01  9.000000E+01  9.000000E+01
  0.000000E+00  2.441568E+00  0.000000E+00  1.690129E-01  3.128250E-01
 -6.799967E+00 -4.414517E+00 -4.567816E+00 -4.414517E+00  6.555666E+00
  3.261202E+00 -4.567816E+00  3.261202E+00  7.569004E+00  2.173999E+01
  0.000000E+00  0.000000E+00  0.000000E+00  2.173999E+01  0.000000E+00
  0.000000E+00  0.000000E+00  2.173999E+01  1.586547E+01
      3200  3.200000E+00        49
 -1.128725E+04  1.513102E+03 -1.141379E+04  5.556137E+02 -1.196941E+04
  0.000000E+00  0.000000E+00  0.000000E+00  0.000000E+00 -1.128724E+04
  0.000000E+00  2.672824E+02 -1.170162E+04  1.196890E+04  0.000000E+00
  0.000000E+00  0.000000E+00  0.000000E+00  1.036877E+04  0.000000E+00
  0.000000E+00  0.000000E+00  9.000000E+01  9.000000E+01  9.000000E+01
  0.000000E+00 -7.216090E-01  0.000000E+00  2.589126E-01  4.232870E-01
 -2.403785E+00 -1.189398E+00 -3.251061E+00 -1.189398E+00 -4.996989E+00
  8.721734E+00 -3.251061E+00  8.721734E+00  5.235946E+00  2.180599E+01
  0.000000E+00  0.000000E+00  0.000000E+00  2.180599E+01  0.000000E+00
  0.000000E+00  0.000000E+00  2.180599E+01 -4.731898E+00
      3300  3.300000E+00        49
 -1.128803E+04  1.481278E+03 -1.141192E+04  5.526641E+02 -1.196458E+04
  0.000000E+00  0.000000E+00  0.000000E+00  0.000000E+00 -1.128803E+04
  0.000000E+00  2.841314E+02 -1.168021E+04  1.196435E+04  0.000000E+00
  0.000000E+00  0.000000E+00  0.000000E+00  1.031674E+04  0.000000E+00
  0.000000E+00  0.000000E+00  9.000000E+01  9.000000E+01  9.000000E+01
  0.000000E+00 -1.858007E+00  0.000000E+00  2.931271E-01  5.119069E-01
 -4.516340E+00  9.737969E-01 -8.368588E+00  9.737969E-01 -6.063264E+00
  1.781832E+00 -8.368588E+00  1.781832E+00  5.005584E+00  2.176945E+01
  0.000000E+00  0.000000E+00  0.000000E+00  2.176945E+01  0.000000E+00
  0.000000E+00  0.000000E+00  2.176945E+01 -1.212260E+01
      3400  3.400000E+00        49
 -1.128815E+04  1.518010E+03 -1.141511E+04  5.482866E+02 -1.196339E+04
  0.000000E+00  0.000000E+00  0.000000E+00  0.000000E+00 -1.128815E+04
  0.000000E+00  3.104386E+02 -1.165243E+04  1.196286E+04  0.000000E+00
  0.000000E+00  0.000000E+00  0.000000E+00  1.038640E+04  0.000000E+00
  0.000000E+00  0.000000E+00  9.000000E+01  9.000000E+01  9.000000E+01
  0.000000E+00 -2.868755E+00  0.000000E+00  3.504674E-01  5.956169E-01
 -6.775322E+00 -7.983582E-01 -7.365207E+00 -7.983582E-01  2.987795E+00
 -9.636413E+00 -7.365207E+00 -9.636413E+00 -4.818738E+00  2.181834E+01
  0.000000E+00  0.000000E+00  0.000000E+00  2.181834E+01  0.000000E+00
  0.000000E+00  0.000000E+00  2.181834E+01 -1.884363E+01
      3500  3.500000E+00        49
 -1.128862E+04  1.518679E+03 -1.141563E+04  5.516416E+02 -1.196727E+04
  0.000000E+00  0.000000E+00  0.000000E+00  0.000000E+00 -1.128862E+04
  0.000000E+00  2.946211E+02 -1.167267E+04  1.196730E+04  0.000000E+00
  0.000000E+00  0.000000E+00  0.000000E+00  1.035511E+04  0.000000E+00
  0.000000E+00  0.000000E+00  9.000000E+01  9.000000E+01  9.000000E+01
  0.000000E+00 -2.066625E+00  0.000000E+00  4.196891E-01  6.760378E-01
 -8.312097E+00 -5.870067E+00  1.394979E+00 -5.870067E+00  3.215994E+00
  1.954285E+00  1.394979E+00  1.954285E+00 -1.103771E+00  2.179640E+01
  0.000000E+00  0.000000E+00  0.000000E+00  2.179640E+01  0.000000E+00
  0.000000E+00  0.000000E+00  2.179640E+01 -1.353387E+01
      3600  3.600000E+00        49
 -1.128866E+04  1.462490E+03 -1.141097E+04  5.656846E+02 -1.197666E+04
  0.000000E+00  0.000000E+00  0.000000E+00  0.000000E+00 -1.128866E+04
  0.000000E+00  2.133529E+02 -1.176279E+04  1.197614E+04  0.000000E+00
  0.000000E+00  0.000000E+00  0.000000E+00  1.036918E+04  0.000000E+00
  0.000000E+00  0.000000E+00  9.000000E+01  9.000000E+01  9.000000E+01
  0.000000E+00  1.589392E+00  0.000000E+00  3.968734E-01  6.296018E-01
 -5.861977E+00 -3.882623E+00 -1.724687E+00 -3.882623E+00  3.539191E+00
  7.051077E+00 -1.724687E+00  7.051077E+00  7.090962E+00  2.180628E+01
  0.000000E+00  0.000000E+00  0.000000E+00  2.180628E+01  0.000000E+00
  0.000000E+00  0.000000E+00  2.180628E+01  1.042273E+01
      3700  3.700000E+00        49
 -1.128885E+04  1.544147E+03 -1.141799E+04  5.657579E+02 -1.198375E+04
  0.000000E+00  0.000000E+00  0.000000E+00  0.000000E+00 -1.128885E+04
  0.000000E+00  1.887221E+02 -1.179467E+04  1.198339E+04  0.000000E+00
  0.000000E+00  0.000000E+00  0.000000E+00  1.038475E+04  0.000000E+00
  0.000000E+00  0.000000E+00  9.000000E+01  9.000000E+01  9.000000E+01
  0.000000E+00  3.530359E+00  0.000000E+00  3.470627E-01  5.874656E-01
  5.547379E+00  1.568654E+00  4.325842E+00  1.568654E+00  2.012424E+00
  2.921468E+00  4.325842E+00  2.921468E+00  3.031276E+00  2.181718E+01
  0.000000E+00  0.000000E+00  0.000000E+00  2.181718E+01  0.000000E+00
  0.000000E+00  0.000000E+00  2.181718E+01  2.318574E+01
      3800  3.800000E+00        49
 -1.128940E+04  1.481071E+03 -1.141327E+04  5.603554E+02 -1.197362E+04
  0.000000E+00  0.000000E+00  0.000000E+00  0.000000E+00 -1.128940E+04
  0.000000E+00  2.307245E+02 -1.174254E+04  1.197326E+04  0.000000E+00
  0.000000E+00  0.000000E+00  0.000000E+00  1.035863E+04  0.000000E+00
  0.000000E+00  0.000000E+00  9.000000E+01  9.000000E+01  9.000000E+01
  0.000000E+00  8.652350E-01  0.000000E+00  3.451290E-01  5.746020E-01
 -5.781537E+00  1.387695E+00  5.336393E-01  1.387695E+00  2.749443E-01
  4.573938E+00  5.336393E-01  4.573938E+00  8.102298E+00  2.179887E+01
  0.000000E+00  0.000000E+00  0.000000E+00  2.179887E+01  0.000000E+00
  0.000000E+00  0.000000E+00  2.179887E+01  5.668163E+00
      3900  3.900000E+00        49
 -1.128955E+04  1.533953E+03 -1.141784E+04  5.625334E+02 -1.198037E+04
  0.000000E+00  0.000000E+00  0.000000E+00  0.000000E+00 -1.128954E+04
  0.000000E+00  2.196428E+02 -1.176081E+04  1.198046E+04  0.000000E+00
  0.000000E+00  0.000000E+00  0.000000E+00  1.039151E+04  0.000000E+00
  0.000000E+00  0.000000E+00  9.000000E+01  9.000000E+01  9.000000E+01
  0.000000E+00  1.873231E+00  0.000000E+00  3.526554E-01  5.932985E-01
  4.941937E-01  3.573779E+00 -5.247087E+00  3.573779E+00  8.311955E-01
 -4.598223E-01 -5.247087E+00 -4.598223E-01  4.294305E+00  2.182192E+01
  0.000000E+00  0.000000E+00  0.000000E+00  2.182192E+01  0.000000E+00
  0.000000E+00  0.000000E+00  2.182192E+01  1.231051E+01
      4000  4.000000E+00        49
 -1.128998E+04  1.556443E+03 -1.142015E+04  5.592378E+02 -1.197939E+04
  0.000000E+00  0.000000E+00  0.000000E+00  0.000000E+00 -1.128998E+04
  0.000000E+00  2.267308E+02 -1.175218E+04  1.197891E+04  0.000000E+00
  0.000000E+00  0.000000E+00  0.000000E+00  1.036318E+04  0.000000E+00
  0.000000E+00  0.000000E+00  9.000000E+01  9.000000E+01  9.000000E+01
  0.000000E+00  1.709174E+00  0.000000E+00  3.526169E-01  6.137450E-01
 -1.743397E+00 -3.072135E+00 -4.765999E+00 -3.072135E+00  3.258419E+00
  6.734076E+00 -4.765999E+00  6.734076E+00  3.612500E+00  2.180207E+01
  0.000000E+00  0.000000E+00  0.000000E+00  2.180207E+01  0.000000E+00
  0.000000E+00  0.000000E+00  2.180207E+01  1.120174E+01
      4100  4.100000E+00        49
 -1.128994E+04  1.537178E+03 -1.141849E+04  5.647132E+02 -1.198321E+04
  0.000000E+00  0.000000E+00  0.000000E+00  0.000000E+00 -1.128993E+04
  0.000000E+00  2.124326E+02 -1.177020E+04  1.198264E+04  0.000000E+00
  0.000000E+00  0.000000E+00  0.000000E+00  1.041791E+04  0.000000E+00
  0.000000E+00  0.000000E+00  9.000000E+01  9.000000E+01  9.000000E+01
  0.000000E+00  2.260560E+00  0.000000E+00  3.124239E-01  5.041485E-01
 -3.941127E+00  6.998290E+00 -8.957347E-01  6.998290E+00  9.310410E+00
  2.040603E+00 -8.957347E-01  2.040603E+00  1.412397E+00  2.184038E+01
  0.000000E+00  0.000000E+00  0.000000E+00  2.184038E+01  0.000000E+00
  0.000000E+00  0.000000E+00  2.184038E+01  1.489370E+01
      4200  4.200000E+00        49
 -1.129036E+04  1.488840E+03 -1.141487E+04  5.578579E+02 -1.197273E+04
  0.000000E+00  0.000000E+00  0.000000E+00  0.000000E+00 -1.129035E+04
  0.000000E+00  2.573313E+02 -1.171491E+04  1.197224E+04  0.000000E+00
  0.000000E+00  0.000000E+00  0.000000E+00  1.038508E+04  0.000000E+00
  0.000000E+00  0.000000E+00  9.000000E+01  9.000000E+01  9.000000E+01
  0.000000E+00 -4.213956E-01  0.000000E+00  2.732903E-01  4.827145E-01
 -1.145979E+01  6.189376E+00 -4.458833E+00  6.189376E+00  3.361227E+00
 -2.792828E-01 -4.458833E+00 -2.792828E-01  6.834378E+00  2.181741E+01
  0.000000E+00  0.000000E+00  0.000000E+00  2.181741E+01  0.000000E+00
  0.000000E+00  0.000000E+00  2.181741E+01 -2.767616E+00
      4300  4.300000E+00        49
 -1.129068E+04  1.534100E+03 -1.141898E+04  5.529639E+02 -1.197194E+04
  0.000000E+00  0.000000E+00  0.000000E+00  0.000000E+00 -1.129067E+04
  0.000000E+00  2.768434E+02 -1.169419E+04  1.197103E+04  0.000000E+00
  0.000000E+00  0.000000E+00  0.000000E+00  1.037135E+04  0.000000E+00
  0.000000E+00  0.000000E+00  9.000000E+01  9.000000E+01  9.000000E+01
  0.000000E+00 -1.028838E+00  0.000000E+00  2.889065E-01  4.852120E-01
 -4.458213E+00 -3.674528E+00 -5.227922E+00 -3.674528E+00 -3.844579E+00
  7.719370E-01 -5.227922E+00  7.719370E-01  5.216278E+00  2.180779E+01
  0.000000E+00  0.000000E+00  0.000000E+00  2.180779E+01  0.000000E+00
  0.000000E+00  0.000000E+00  2.180779E+01 -6.748203E+00
      4400  4.400000E+00        49
 -1.129145E+04  1.555784E+03 -1.142156E+04  5.587431E+02 -1.198030E+04
  0.000000E+00  0.000000E+00  0.000000E+00  0.000000E+00 -1.129144E+04
  0.000000E+00  2.329825E+02 -1.174692E+04  1.197990E+04  0.000000E+00
  0.000000E+00  0.000000E+00  0.000000E+00  1.035582E+04  0.000000E+00
  0.000000E+00  0.000000E+00  9.000000E+01  9.000000E+01  9.000000E+01
  0.000000E+00  1.386591E+00  0.000000E+00  3.120646E-01  4.968085E-01
 -2.878295E+00  3.249076E+00 -8.259072E+00  3.249076E+00  7.332489E-01
 -4.220441E+00 -8.259072E+00 -4.220441E+00  6.304818E+00  2.179690E+01
  0.000000E+00  0.000000E+00  0.000000E+00  2.179690E+01  0.000000E+00
  0.000000E+00  0.000000E+00  2.179690E+01  9.081102E+00
      4500  4.500000E+00        49
 -1.129241E+04  1.446229E+03 -1.141336E+04  5.443719E+02 -1.195773E+04
  0.000000E+00  0.000000E+00  0.000000E+00  0.000000E+00 -1.129240E+04
  0.000000E+00  3.347053E+02 -1.162273E+04  1.195743E+04  0.000000E+00
  0.000000E+00  0.000000E+00  0.000000E+00  1.026785E+04  0.000000E+00
  0.000000E+00  0.000000E+00  9.000000E+01  9.000000E+01  9.000000E+01
  0.000000E+00 -4.763866E+00  0.000000E+00  3.449678E-01  5.644785E-01
 -1.209523E+01  2.277384E+00 -5.005569E+00  2.277384E+00 -5.588366E+00
 -3.021762E+00 -5.005569E+00 -3.021762E+00  3.391998E+00  2.173501E+01
  0.000000E+00  0.000000E+00  0.000000E+00  2.173501E+01  0.000000E+00
  0.000000E+00  0.000000E+00  2.173501E+01 -3.093466E+01
      4600  4.600000E+00        49
 -1.129261E+04  1.542586E+03 -1.142162E+04  5.618290E+02 -1.198345E+04
  0.000000E+00  0.000000E+00  0.000000E+00  0.000000E+00 -1.129261E+04
  0.000000E+00  2.000245E+02 -1.178291E+04  1.198294E+04  0.000000E+00
  0.000000E+00  0.000000E+00  0.000000E+00  1.026674E+04  0.000000E+00
  0.000000E+00  0.000000E+00  9.000000E+01  9.000000E+01  9.000000E+01
  0.000000E+00  2.977299E+00  0.000000E+00  3.201615E-01  5.257252E-01
  1.625199E+00  2.684874E+00 -2.074025E+00  2.684874E+00  4.126519E+00
 -3.614902E+00 -2.074025E+00 -3.614902E+00  3.180179E+00  2.173422E+01
  0.000000E+00  0.000000E+00  0.000000E+00  2.173422E+01  0.000000E+00
  0.000000E+00  0.000000E+00  2.173422E+01  1.933129E+01
      4700  4.700000E+00        49
 -1.129182E+04  1.480458E+03 -1.141563E+04  5.693796E+02 -1.198501E+04
  0.000000E+00  0.000000E+00  0.000000E+00  0.000000E+00 -1.129181E+04
  0.000000E+00  1.681138E+02 -1.181628E+04  1.198440E+04  0.000000E+00
  0.000000E+00  0.000000E+00  0.000000E+00  1.038666E+04  0.000000E+00
  0.000000E+00  0.000000E+00  9.000000E+01  9.000000E+01  9.000000E+01
  0.000000E+00  4.034909E+00  0.000000E+00  2.977667E-01  5.209247E-01
 -1.089003E+00  7.092787E+00 -1.038204E+01  7.092787E+00  4.718587E+00
  1.601298E+00 -1.038204E+01  1.601298E+00  8.475143E+00  2.181852E+01
  0.000000E+00  0.000000E+00  0.000000E+00  2.181852E+01  0.000000E+00
  0.000000E+00  0.000000E+00  2.181852E+01  2.650427E+01
      4800  4.800000E+00        49
 -1.129164E+04  1.517524E+03 -1.141855E+04  5.624149E+02 -1.198097E+04
  0.000000E+00  0.000000E+00  0.000000E+00  0.000000E+00 -1.129163E+04
  0.000000E+00  2.349036E+02 -1.174584E+04  1.198074E+04  0.000000E+00
  0.000000E+00  0.000000E+00  0.000000E+00  1.045850E+04  0.000000E+00
  0.000000E+00  0.000000E+00  9.000000E+01  9.000000E+01  9.000000E+01
  0.000000E+00  9.536417E-01  0.000000E+00  3.094400E-01  5.171935E-01
 -2.258002E+00  3.654473E+00 -5.081890E+00  3.654473E+00  1.954363E+00
  3.007149E+00 -5.081890E+00  3.007149E+00  3.164565E+00  2.186871E+01
  0.000000E+00  0.000000E+00  0.000000E+00  2.186871E+01  0.000000E+00
  0.000000E+00  0.000000E+00  2.186871E+01  6.307550E+00
      4900  4.900000E+00        49
 -1.129278E+04  1.524857E+03 -1.142031E+04  5.420199E+02 -1.196233E+04
  0.000000E+00  0.000000E+00  0.000000E+00  0.000000E+00 -1.129278E+04
  0.000000E+00  3.498101E+02 -1.161208E+04  1.196189E+04  0.000000E+00
  0.000000E+00  0.000000E+00  0.000000E+00  1.033799E+04  0.000000E+00
  0.000000E+00  0.000000E+00  9.000000E+01  9.000000E+01  9.000000E+01
  0.000000E+00 -4.831136E+00  0.000000E+00  3.372556E-01  5.696617E-01
 -9.197457E+00  1.334021E+00 -1.216870E+00  1.334021E+00 -1.404091E+00
  3.013418E-01 -1.216870E+00  3.013418E-01 -3.891860E+00  2.178439E+01
  0.000000E+00  0.000000E+00  0.000000E+00  2.178439E+01  0.000000E+00
  0.000000E+00  0.000000E+00  2.178439E+01 -3.158578E+01
      5000  5.000000E+00        49
 -1.129334E+04  1.465684E+03 -1.141592E+04  5.519987E+02 -1.196791E+04
  0.000000E+00  0.000000E+00  0.000000E+00  0.000000E+00 -1.129333E+04
  0.000000E+00  2.736393E+02 -1.169399E+04  1.196762E+04  0.000000E+00
  0.000000E+00  0.000000E+00  0.000000E+00  1.028574E+04  0.000000E+00
  0.000000E+00  0.000000E+00  9.000000E+01  9.000000E+01  9.000000E+01
  0.000000E+00 -1.459613E+00  0.000000E+00  3.661516E-01  6.066280E-01
 -9.567132E+00  8.633285E+00  2.357369E+00  8.633285E+00  2.582324E+00
  5.369762E+00  2.357369E+00  5.369762E+00  2.605968E+00  2.174763E+01
  0.000000E+00  0.000000E+00  0.000000E+00  2.174763E+01  0.000000E+00
  0.000000E+00  0.000000E+00  2.174763E+01 -9.494662E+00
      5100  5.100000E+00        49
 -1.129321E+04  1.456818E+03 -1.141505E+04  5.670083E+02 -1.198206E+04
  0.000000E+00  0.000000E+00  0.000000E+00  0.000000E+00 -1.129321E+04
  0.000000E+00  1.919696E+02 -1.178988E+04  1.198185E+04  0.000000E+00
  0.000000E+00  0.000000E+00  0.000000E+00  1.030629E+04  0.000000E+00
  0.000000E+00  0.000000E+00  9.000000E+01  9.000000E+01  9.000000E+01
  0.000000E+00  2.644139E+00  0.000000E+00  3.796034E-01  6.088937E-01
 -2.593563E+00  4.199295E+00 -1.890230E+00  4.199295E+00  5.041930E+00
  2.611786E+00 -1.890230E+00  2.611786E+00  5.484049E+00  2.176210E+01
  0.000000E+00  0.000000E+00  0.000000E+00  2.176210E+01  0.000000E+00
  0.000000E+00  0.000000E+00  2.176210E+01  1.723425E+01
      5200  5.200000E+00        49
 -1.129280E+04  1.522909E+03 -1.142016E+04  5.563692E+02 -1.197653E+04
  0.000000E+00  0.000000E+00  0.000000E+00  0.000000E+00 -1.129279E+04
  0.000000E+00  2.590969E+02 -1.171709E+04  1.197619E+04  0.000000E+00
  0.000000E+00  0.000000E+00  0.000000E+00  1.038178E+04  0.000000E+00
  0.000000E+00  0.000000E+00  9.000000E+01  9.000000E+01  9.000000E+01
  0.000000E+00 -2.218609E-01  0.000000E+00  3.774241E-01  6.245644E-01
 -7.347261E+00  4.136832E+00 -4.939990E+00  4.136832E+00  4.441172E+00
 -1.929564E+00 -4.939990E+00 -1.929564E+00  2.240506E+00  2.181511E+01
  0.000000E+00  0.000000E+00  0.000000E+00  2.181511E+01  0.000000E+00
  0.000000E+00  0.000000E+00  2.181511E+01 -1.456662E+00
      5300  5.300000E+00        49
 -1.129340E+04  1.561751E+03 -1.142401E+04  5.520002E+02 -1.197601E+04
  0.000000E+00  0.000000E+00  0.000000E+00  0.000000E+00 -1.129339E+04
  0.000000E+00  2.676267E+02 -1.170805E+04  1.197567E+04  0.000000E+00
  0.000000E+00  0.000000E+00  0.000000E+00  1.033192E+04  0.000000E+00
  0.000000E+00  0.000000E+00  9.000000E+01  9.000000E+01  9.000000E+01
  0.000000E+00 -3.266375E-01  0.000000E+00  3.570088E-01  6.266364E-01
 -9.493626E+00  1.641299E+00 -9.165793E+00  1.641299E+00  2.859970E+00
  5.009718E+00 -9.165793E+00  5.009718E+00  5.653743E+00  2.178012E+01
  0.000000E+00  0.000000E+00  0.000000E+00  2.178012E+01  0.000000E+00
  0.000000E+00  0.000000E+00  2.178012E+01 -2.134287E+00
      5400  5.400000E+00        49
 -1.129427E+04  1.455880E+03 -1.141603E+04  5.549157E+02 -1.197094E+04
  0.000000E+00  0.000000E+00  0.000000E+00  0.000000E+00 -1.129426E+04
  0.000000E+00  2.511443E+02 -1.171971E+04  1.197085E+04  0.000000E+00
  0.000000E+00  0.000000E+00  0.000000E+00  1.024978E+04  0.000000E+00
  0.000000E+00  0.000000E+00  9.000000E+01  9.000000E+01  9.000000E+01
  0.000000E+00 -3.922904E-01  0.000000E+00  3.632234E-01  6.321833E-01
 -6.982240E+00  3.905888E+00 -5.801191E-01  3.905888E+00 -3.225979E+00
  7.397080E+00 -5.801191E-01  7.397080E+00  9.031348E+00  2.172226E+01
  0.000000E+00  0.000000E+00  0.000000E+00  2.172226E+01  0.000000E+00
  0.000000E+00  0.000000E+00  2.172226E+01 -2.542895E+00
      5500  5.500000E+00        49
 -1.129400E+04  1.494836E+03 -1.141902E+04  5.556577E+02 -1.197467E+04
  0.000000E+00  0.000000E+00  0.000000E+00  0.000000E+00 -1.129399E+04
  0.000000E+00  2.464888E+02 -1.172782E+04  1.197430E+04  0.000000E+00
  0.000000E+00  0.000000E+00  0.000000E+00  1.030011E+04  0.000000E+00
  0.000000E+00  0.000000E+00  9.000000E+01  9.000000E+01  9.000000E+01
  0.000000E+00  1.812811E-01  0.000000E+00  3.372522E-01  5.561743E-01
 -3.740305E+00 -2.278225E+00  3.653767E-01 -2.278225E+00  1.835457E+00
  5.233160E+00  3.653767E-01  5.233160E+00  2.448691E+00  2.175775E+01
  0.000000E+00  0.000000E+00  0.000000E+00  2.175775E+01  0.000000E+00
  0.000000E+00  0.000000E+00  2.175775E+01  1.180865E+00
      5600  5.600000E+00        49
 -1.129352E+04  1.568423E+03 -1.142469E+04  5.648421E+02 -1.198953E+04
  0.000000E+00  0.000000E+00  0.000000E+00  0.000000E+00 -1.129352E+04
  0.000000E+00  1.982032E+02 -1.179068E+04  1.198888E+04  0.000000E+00
  0.000000E+00  0.000000E+00  0.000000E+00  1.037634E+04  0.000000E+00
  0.000000E+00  0.000000E+00  9.000000E+01  9.000000E+01  9.000000E+01
  0.000000E+00  3.257876E+00  0.000000E+00  3.192280E-01  5.321414E-01
  1.467464E+00 -4.085072E+00 -2.409857E+00 -4.085072E+00  6.686890E+00
  1.901842E+00 -2.409857E+00  1.901842E+00  1.619275E+00  2.181129E+01
  0.000000E+00  0.000000E+00  0.000000E+00  2.181129E+01  0.000000E+00
  0.000000E+00  0.000000E+00  2.181129E+01  2.137887E+01
      5700  5.700000E+00        49
 -1.129351E+04  1.498503E+03 -1.141883E+04  5.524013E+02 -1.197124E+04
  0.000000E+00  0.000000E+00  0.000000E+00  0.000000E+00 -1.129351E+04
  0.000000E+00  2.807650E+02 -1.169011E+04  1.197087E+04  0.000000E+00
  0.000000E+00  0.000000E+00  0.000000E+00  1.039587E+04  0.000000E+00
  0.000000E+00  0.000000E+00  9.000000E+01  9.000000E+01  9.000000E+01
  0.000000E+00 -1.527108E+00  0.000000E+00  3.264828E-01  5.621798E-01
 -4.711886E+00  5.960372E+00  2.575666E+00  5.960372E+00  3.404286E+00
  8.978117E+00  2.575666E+00  8.978117E+00 -3.273723E+00  2.182496E+01
  0.000000E+00  0.000000E+00  0.000000E+00  2.182496E+01  0.000000E+00
  0.000000E+00  0.000000E+00  2.182496E+01 -1.004006E+01
      5800  5.800000E+00        49
 -1.129338E+04  1.488910E+03 -1.141790E+04  5.637671E+02 -1.198167E+04
  0.000000E+00  0.000000E+00  0.000000E+00  0.000000E+00 -1.129338E+04
  0.000000E+00  2.219144E+02 -1.175953E+04  1.198144E+04  0.000000E+00
  0.000000E+00  0.000000E+00  0.000000E+00  1.042613E+04  0.000000E+00
  0.000000E+00  0.000000E+00  9.000000E+01  9.000000E+01  9.000000E+01
  0.000000E+00  1.371297E+00  0.000000E+00  3.441123E-01  5.545252E-01
 -5.800339E+00  7.537800E+00 -1.928196E+00  7.537800E+00  7.209060E+00
  8.422224E+00 -1.928196E+00  8.422224E+00  2.705169E+00  2.184612E+01
  0.000000E+00  0.000000E+00  0.000000E+00  2.184612E+01  0.000000E+00
  0.000000E+00  0.000000E+00  2.184612E+01  9.041916E+00
      5900  5.900000E+00        49
 -1.129376E+04  1.501804E+03 -1.141936E+04  5.522165E+02 -1.197158E+04
  0.000000E+00  0.000000E+00  0.000000E+00  0.000000E+00 -1.129376E+04
  0.000000E+00  2.803767E+02 -1.169070E+04  1.197108E+04  0.000000E+00
  0.000000E+00  0.000000E+00  0.000000E+00  1.036254E+04  0.000000E+00
  0.000000E+00  0.000000E+00  9.000000E+01  9.000000E+01  9.000000E+01
  0.000000E+00 -1.484181E+00  0.000000E+00  3.230499E-01  5.389994E-01
 -6.610675E+00  2.413867E+00 -4.666172E+00  2.413867E+00  1.265804E+00
  4.851667E+00 -4.666172E+00  4.851667E+00  8.923275E-01  2.180162E+01
  0.000000E+00  0.000000E+00  0.000000E+00  2.180162E+01  0.000000E+00
  0.000000E+00  0.000000E+00  2.180162E+01 -9.726554E+00
      6000  6.000000E+00        49
 -1.129354E+04  1.503687E+03 -1.141930E+04  5.641047E+02 -1.198340E+04
  0.000000E+00  0.000000E+00  0.000000E+00  0.000000E+00 -1.129354E+04
  0.000000E+00  2.193127E+02 -1.176378E+04  1.198309E+04  0.000000E+00
  0.000000E+00  0.000000E+00  0.000000E+00  1.041423E+04  0.000000E+00
  0.000000E+00  0.000000E+00  9.000000E+01  9.000000E+01  9.000000E+01
  0.000000E+00  1.629634E+00  0.000000E+00  3.017843E-01  4.942369E-01
 -8.388190E+00  9.335988E+00 -1.669176E+00  9.335988E+00  5.236268E+00
 -3.731364E-01 -1.669176E+00 -3.731364E-01  8.040823E+00  2.183781E+01
  0.000000E+00  0.000000E+00  0.000000E+00  2.183781E+01  0.000000E+00
  0.000000E+00  0.000000E+00  2.183781E+01  1.073305E+01
